0 0.378123 0.248694 0.122934 0.116296
0 0.211734 0.104137 0.145603 0.122118
0 0.251642 0.811039 0.121417 0.115212
0 0.117843 0.354082 0.125445 0.121628
0 0.327527 0.281734 0.111556 0.106571
0 0.222716 0.219782 0.136384 0.124217
0 0.213722 0.913576 0.114826 0.10678
0 0.493152 0.377832 0.125688 0.0978285
0 0.172136 0.842279 0.115713 0.0967964
0 0.927482 0.954438 0.131908 0.0911244
0 0.560662 0.0197609 0.14435 0.0392981
0 0.774309 0.365102 0.0946486 0.103144
0 0.523531 0.291303 0.114451 0.105627
0 0.598749 0.199923 0.106736 0.105846
