0 0.385896 0.135201 0.153949 0.140865
0 0.656882 0.548245 0.125252 0.116391
0 0.329413 0.189782 0.106599 0.109436
0 0.206342 0.683545 0.129534 0.11412
0 0.343503 0.387161 0.120361 0.102774
0 0.684109 0.465742 0.112606 0.104239
0 0.273131 0.61203 0.0955863 0.0851696
0 0.525205 0.593397 0.106376 0.115652
0 0.32601 0.839388 0.0940029 0.0840001
0 0.59355 0.18805 0.0728181 0.0735452
0 0.445925 0.980454 0.0838296 0.0390915
0 0.121378 0.702021 0.070723 0.0613611
0 0.300619 0.882437 0.0892852 0.0741633
0 0.162065 0.658384 0.0651325 0.0750237
0 0.0733182 0.56855 0.117647 0.0975403
0 0.0242941 0.0304873 0.0485881 0.0608212
0 0.494115 0.984057 0.0816313 0.0318857
0 0.425997 0.822253 0.0676706 0.0584654
0 0.398417 0.756473 0.108386 0.121314
0 0.377673 0.589036 0.100577 0.095473
0 0.0346174 0.641202 0.0691169 0.0845065
0 0.394589 0.779484 0.083829 0.0738667
