0 0.92665 0.528688 0.12371 0.125732
0 0.633409 0.833774 0.124045 0.12031
0 0.598993 0.927909 0.119825 0.104762
0 0.493233 0.265138 0.127638 0.119604
0 0.656317 0.322857 0.11955 0.121288
0 0.664833 0.633978 0.0947337 0.0874525
0 0.852413 0.178402 0.10452 0.10404
0 0.554105 0.965064 0.0831663 0.0695225
0 0.932291 0.366814 0.0904832 0.0934406
0 0.894603 0.0567539 0.0900795 0.0817921
0 0.0721693 0.887107 0.088268 0.0936691
0 0.734144 0.51638 0.075213 0.0774015
0 0.0519838 0.983161 0.103968 0.0330563
0 0.931956 0.989618 0.0837089 0.0207639
0 0.326298 0.0123815 0.123718 0.0246989
