0 0.943527 0.448093 0.112947 0.12281
0 0.238101 0.366513 0.0990958 0.100357
0 0.323221 0.834071 0.104737 0.110963
0 0.528401 0.75431 0.0899301 0.0910565
0 0.448661 0.412799 0.0869589 0.0902195
0 0.144083 0.0266004 0.0994115 0.0532008
0 0.22461 0.900524 0.135377 0.12396
0 0.418695 0.50096 0.0931492 0.0786125
0 0.406155 0.36138 0.091087 0.0895436
0 0.172641 0.358705 0.0780969 0.086417
0 0.0495118 0.94327 0.0990236 0.111865
0 0.319934 0.964799 0.0939036 0.0704029
0 0.344193 0.104722 0.0789231 0.0725007
0 0.962148 0.559332 0.075703 0.0974035
