0 0.729489 0.534077 0.148142 0.147302
0 0.569253 0.641653 0.145938 0.134176
0 0.522058 0.891969 0.126221 0.131558
0 0.752755 0.0901709 0.110929 0.110233
0 0.810123 0.964031 0.137278 0.0713989
0 0.376413 0.140649 0.121553 0.115359
0 0.459028 0.922298 0.103641 0.109956
0 0.0531867 0.0498259 0.105785 0.0996519
0 0.634792 0.756914 0.127859 0.121905
0 0.369622 0.0491766 0.105385 0.0971274
0 0.271385 0.863547 0.0984095 0.105899
0 0.035698 0.149654 0.071396 0.113251
0 0.195757 0.85533 0.100399 0.104114
0 0.512319 0.542376 0.113791 0.117694
0 0.106069 0.168486 0.101159 0.110511
