0 0.954254 0.789891 0.091493 0.120772
0 0.924471 0.0974073 0.129106 0.134416
0 0.316761 0.579074 0.107011 0.106441
0 0.5043 0.73988 0.116842 0.118598
0 0.840639 0.27531 0.140491 0.126742
0 0.3895 0.641935 0.117197 0.112405
0 0.816526 0.382565 0.105558 0.108089
0 0.933158 0.375812 0.119577 0.135932
0 0.919848 0.698483 0.100079 0.103798
0 0.27681 0.766067 0.11807 0.113076
0 0.323364 0.263269 0.10216 0.0963038
0 0.519516 0.644082 0.133897 0.10088
0 0.32215 0.168537 0.10299 0.0986473
0 0.800133 0.0882808 0.137735 0.131132
