0 0.586741 0.960669 0.12944 0.0786625
0 0.356969 0.907891 0.0923939 0.0938063
0 0.369451 0.387322 0.107385 0.104852
0 0.639074 0.0341161 0.119592 0.0682323
0 0.230666 0.473215 0.105337 0.0832931
0 0.724845 0.960198 0.103609 0.0796034
0 0.223369 0.532179 0.108929 0.0948685
0 0.0569138 0.102106 0.0996098 0.100273
0 0.440285 0.411827 0.0913821 0.081552
0 0.165272 0.411279 0.0740508 0.0762836
0 0.920352 0.0757868 0.0587059 0.059308
0 0.284455 0.582883 0.0883557 0.0845596
0 0.550432 0.20863 0.113396 0.116336
0 0.108995 0.98996 0.114709 0.0195295
0 0.84896 0.358873 0.0741138 0.0722153
0 0.260245 0.93509 0.083839 0.0770279
