0 0.595809 0.130146 0.157512 0.145575
0 0.125679 0.087924 0.158678 0.129839
0 0.779708 0.854726 0.103171 0.09557
0 0.663681 0.204771 0.139153 0.139273
0 0.227707 0.0874443 0.090027 0.0969427
0 0.628701 0.733535 0.107956 0.101968
0 0.844748 0.623383 0.101063 0.111681
0 0.804286 0.769189 0.103878 0.0986527
0 0.764451 0.663634 0.1088 0.0998989
0 0.119955 0.670799 0.117428 0.109252
0 0.735556 0.578115 0.106904 0.0922132
0 0.489018 0.802394 0.10905 0.102224
0 0.933899 0.589691 0.100957 0.100961
0 0.595904 0.865281 0.121009 0.129456
0 0.263945 0.9771 0.131792 0.0457994
0 0.812222 0.287685 0.121421 0.11853
