0 0.328751 0.650539 0.0893985 0.0906184
0 0.417488 0.410207 0.111923 0.111386
0 0.730495 0.613866 0.146709 0.136784
0 0.743419 0.889974 0.10823 0.110462
0 0.817746 0.540166 0.142561 0.132123
0 0.873766 0.739951 0.141295 0.119575
0 0.169667 0.924665 0.084538 0.0818287
0 0.0676606 0.321867 0.10966 0.115207
0 0.279122 0.663444 0.0977326 0.0952783
0 0.0498422 0.69579 0.0996844 0.0927311
0 0.0970239 0.641225 0.087655 0.0827237
0 0.628255 0.865482 0.0951136 0.0878987
0 0.416395 0.332958 0.1116 0.0854984
0 0.325076 0.917865 0.0408673 0.027914
