0 0.0460975 0.54302 0.0666408 0.0672233
0 0.427418 0.738233 0.0938501 0.100767
0 0.160416 0.112191 0.132674 0.126229
0 0.197155 0.180911 0.120915 0.10462
0 0.641121 0.851185 0.100091 0.0823421
0 0.779022 0.907709 0.0732687 0.0688225
0 0.699596 0.0912221 0.0906115 0.0960338
0 0.359718 0.189389 0.0936934 0.0849812
0 0.666181 0.92483 0.113402 0.0659836
0 0.674466 0.975395 0.114658 0.0486202
0 0.782342 0.970243 0.10723 0.0592142
0 0.224988 0.687891 0.062951 0.0632055
0 0.582514 0.975176 0.0834999 0.0496483
0 0.358232 0.884998 0.0582059 0.0536345
0 0.789636 0.0264593 0.0788532 0.0527608
