0 0.865098 0.150194 0.121064 0.123677
0 0.579962 0.473289 0.123323 0.114539
0 0.542292 0.543845 0.112673 0.105084
0 0.447698 0.0480765 0.124249 0.0961529
0 0.856048 0.580282 0.101653 0.0968805
0 0.610823 0.270939 0.0853168 0.0830206
0 0.584006 0.783794 0.0945017 0.0862943
0 0.289778 0.142904 0.0985847 0.0934708
0 0.0376719 0.573745 0.0744887 0.10248
0 0.860445 0.633331 0.0880474 0.0649287
0 0.937518 0.393138 0.0915373 0.0925064
0 0.517526 0.372135 0.0645495 0.0522129
0 0.23101 0.976947 0.0948275 0.0461059
0 0.885683 0.52711 0.073563 0.05992
0 0.165061 0.801937 0.10079 0.1173
0 0.798698 0.771878 0.0453494 0.0430153
0 0.204156 0.25738 0.0661269 0.0726896
0 0.608877 0.0100144 0.128935 0.0199879
0 0.516335 0.949002 0.0781733 0.0892542
