0 0.697158 0.510396 0.148222 0.13292
0 0.645701 0.630609 0.163053 0.137449
0 0.609551 0.359939 0.147343 0.141727
0 0.701869 0.21022 0.122165 0.116996
0 0.660922 0.945527 0.198593 0.10841
0 0.496665 0.332115 0.136441 0.122619
0 0.679548 0.307546 0.0902646 0.0851681
0 0.646497 0.0571518 0.103949 0.0997772
0 0.934552 0.0161953 0.129039 0.0322764
0 0.563964 0.0669413 0.101926 0.105365
0 0.881078 0.038855 0.110107 0.07771
0 0.615168 0.251682 0.0942817 0.0978368
0 0.829216 0.66468 0.12892 0.11751
0 0.630968 0.0189491 0.120173 0.0378983
0 0.317656 0.00901339 0.129164 0.0179559
0 0.767978 0.450051 0.170191 0.12991
