0 0.398479 0.319823 0.0714181 0.0685221
0 0.803525 0.248666 0.129002 0.109524
0 0.687098 0.880487 0.133994 0.116759
0 0.775028 0.158009 0.111767 0.104615
0 0.175143 0.965668 0.0824832 0.0676066
0 0.183632 0.23849 0.0919964 0.0883129
0 0.245842 0.746389 0.0998834 0.100155
0 0.883308 0.16439 0.103272 0.0909217
0 0.295042 0.0297192 0.0949615 0.0594383
0 0.300799 0.0756927 0.0876623 0.0707674
0 0.350658 0.199514 0.0732212 0.0556482
0 0.18445 0.558847 0.0880232 0.0815597
0 0.512568 0.964488 0.0811535 0.0700779
0 0.369896 0.0594543 0.070283 0.0731096
0 0.321045 0.120822 0.0474974 0.0402245
0 0.846659 0.323474 0.0961404 0.0920758
0 0.508812 0.802034 0.0914442 0.0899662
0 0.684823 0.965094 0.105813 0.069802
0 0.325683 0.734809 0.0925913 0.0921609
0 0.392748 0.371456 0.0668497 0.0546337
0 0.459009 0.953013 0.0848013 0.0819664
0 0.266699 0.492962 0.057987 0.0524391
0 0.564245 0.346262 0.0921836 0.0893866
0 0.345639 0.14993 0.0526674 0.0440204
0 0.0532539 0.976971 0.0782335 0.0451298
0 0.782532 0.539762 0.0720751 0.0785766
0 0.339051 0.654525 0.101676 0.0910766
0 0.162112 0.103636 0.0566975 0.0599429
0 0.139291 0.347338 0.0485912 0.0510231
0 0.977524 0.385003 0.0449522 0.0643699
0 0.967754 0.272652 0.0644928 0.0932416
0 0.0922693 0.503321 0.0606975 0.0592712
0 0.10278 0.446712 0.0608785 0.0539312
0 0.164168 0.147471 0.0443151 0.0385667
0 0.224407 0.0761626 0.0470438 0.0427067
0 0.508153 0.657123 0.0587 0.0522972
0 0.361265 0.14396 0.0337101 0.0406936
0 0.52354 0.460129 0.0583649 0.0631401
0 0.0574063 0.0528097 0.0431359 0.0385859
0 0.625051 0.237676 0.046666 0.0389663
0 0.864766 0.393869 0.0677273 0.064524
0 0.0422076 0.384465 0.0457871 0.0513825
