0 0.229729 0.116669 0.166391 0.154038
0 0.806106 0.296352 0.112106 0.111394
0 0.680972 0.0612598 0.123008 0.12252
0 0.613594 0.799899 0.13103 0.13869
0 0.267406 0.949794 0.10298 0.100413
0 0.872323 0.355475 0.113537 0.111466
0 0.153993 0.949241 0.141815 0.101022
0 0.270758 0.796519 0.115375 0.103492
0 0.836033 0.69046 0.147781 0.130094
0 0.8867 0.582328 0.101422 0.104354
0 0.750359 0.817732 0.144089 0.122169
0 0.467102 0.0243284 0.123325 0.0483295
0 0.935997 0.273271 0.114355 0.11072
0 0.669799 0.710775 0.121778 0.123578
0 0.744763 0.0416099 0.106622 0.0832198
0 0.391164 0.197807 0.103435 0.10266
