0 0.431715 0.532035 0.118819 0.111067
0 0.803186 0.686237 0.120734 0.113458
0 0.213768 0.170197 0.118324 0.102185
0 0.884699 0.214589 0.107724 0.107824
0 0.514767 0.153416 0.1319 0.111309
0 0.493201 0.252185 0.0986094 0.0969967
0 0.730524 0.702282 0.09585 0.100329
0 0.212809 0.0739172 0.100021 0.0928672
0 0.862663 0.0363941 0.124801 0.0725796
0 0.588982 0.0255247 0.146758 0.0510494
0 0.448988 0.598059 0.097595 0.0740674
0 0.81326 0.404109 0.0828217 0.0930123
0 0.895498 0.457065 0.0783634 0.0803526
0 0.723352 0.625697 0.0774727 0.075613
