0 0.0463505 0.238569 0.0927009 0.12089
0 0.733682 0.565192 0.122156 0.109517
0 0.937158 0.910784 0.125683 0.112181
0 0.866186 0.566688 0.146172 0.134158
0 0.469455 0.728028 0.108685 0.0956135
0 0.111672 0.38636 0.10416 0.101604
0 0.519288 0.665874 0.0875579 0.0825517
0 0.436844 0.257623 0.133951 0.125352
0 0.431493 0.393589 0.129388 0.119547
0 0.174672 0.522278 0.0989957 0.0908096
0 0.0392325 0.434616 0.0748136 0.0728069
0 0.345222 0.668935 0.0775832 0.0787382
0 0.971522 0.813617 0.0569554 0.132651
0 0.0253823 0.362592 0.050565 0.0973019
0 0.801567 0.715022 0.119198 0.111504
0 0.256365 0.5368 0.0805257 0.0854751
0 0.155545 0.446885 0.0919511 0.0808305
0 0.631086 0.0392402 0.106123 0.0784804
