0 0.945415 0.892261 0.109169 0.145685
0 0.316087 0.794658 0.166829 0.145922
0 0.394276 0.423075 0.141789 0.14203
0 0.447815 0.314359 0.142629 0.138045
0 0.710901 0.589632 0.136183 0.136579
0 0.82847 0.858371 0.166196 0.164258
0 0.507347 0.945262 0.111827 0.102787
0 0.632128 0.23503 0.130243 0.126281
0 0.441792 0.657964 0.113515 0.101305
0 0.247181 0.54085 0.117742 0.117177
0 0.332045 0.0224647 0.131221 0.0445624
0 0.225866 0.0244438 0.125616 0.0488877
0 0.595042 0.558263 0.127906 0.123382
0 0.951236 0.549588 0.0974125 0.135785
0 0.951753 0.639919 0.0637143 0.0667291
