0 0.808843 0.433831 0.108717 0.0973225
0 0.956339 0.460135 0.0873229 0.116416
0 0.723991 0.67078 0.115545 0.112958
0 0.507877 0.532065 0.120809 0.102422
0 0.769354 0.815518 0.109103 0.117319
0 0.163338 0.287463 0.0886056 0.0862627
0 0.304403 0.730204 0.102069 0.111475
0 0.736402 0.434851 0.0960091 0.107511
0 0.330856 0.92507 0.0964544 0.0978645
0 0.699313 0.0383034 0.0959775 0.0766069
0 0.773233 0.298024 0.106737 0.0987216
0 0.898861 0.679872 0.0935065 0.104637
0 0.418521 0.963363 0.0773495 0.0732737
0 0.307152 0.0267488 0.0938982 0.0534975
