0 0.65742 0.184047 0.143264 0.114516
0 0.380395 0.172975 0.121787 0.11417
0 0.761438 0.0556625 0.101634 0.0974279
0 0.690629 0.282952 0.117328 0.112999
0 0.113677 0.636675 0.0729494 0.065688
0 0.930729 0.0447423 0.0870571 0.0840796
0 0.847823 0.038752 0.0856068 0.0765107
0 0.0238693 0.615446 0.0476142 0.12718
0 0.374287 0.105567 0.115588 0.10097
0 0.760893 0.218514 0.090971 0.0764563
0 0.760211 0.97697 0.111196 0.0460599
0 0.368889 0.485037 0.0924495 0.0963094
0 0.040332 0.0748359 0.080407 0.121032
0 0.462246 0.0955921 0.114811 0.115216
0 0.517273 0.177301 0.0638952 0.0597295
0 0.139051 0.607935 0.0663361 0.0630545
0 0.9639 0.18264 0.0722003 0.113569
0 0.961104 0.0229391 0.0694597 0.0458783
0 0.875948 0.966302 0.0828421 0.0669428
0 0.862583 0.990272 0.0993754 0.0194561
