0 0.538348 0.308559 0.103668 0.0929515
0 0.456378 0.481543 0.130247 0.108679
0 0.862416 0.826791 0.115937 0.115313
0 0.244478 0.933073 0.148834 0.133855
0 0.153177 0.194521 0.112804 0.0990953
0 0.444765 0.107014 0.115561 0.105103
0 0.831207 0.922099 0.111817 0.100633
0 0.439597 0.389843 0.121824 0.106089
0 0.734247 0.167752 0.137944 0.124311
0 0.947075 0.833148 0.103623 0.109069
0 0.175943 0.282914 0.0958874 0.0952052
0 0.48432 0.0270322 0.105014 0.0533529
0 0.82324 0.256456 0.127344 0.125405
0 0.767808 0.804189 0.123296 0.127414
0 0.525781 0.0617113 0.100617 0.0836074
0 0.135613 0.473366 0.0921757 0.084536
0 0.0190685 0.444991 0.0381369 0.084276
0 0.204211 0.169441 0.109348 0.100628
0 0.495587 0.126985 0.0658168 0.0613811
0 0.0568349 0.872713 0.104187 0.119718
0 0.877171 0.773521 0.0786695 0.0588627
0 0.719922 0.263169 0.105254 0.0833035
0 0.603469 0.0782503 0.0720603 0.046213
0 0.00722386 0.523529 0.0144477 0.0836936
0 0.59705 0.145699 0.130624 0.127758
