0 0.290747 0.181897 0.142051 0.123449
0 0.632864 0.551321 0.118407 0.117376
0 0.476078 0.33014 0.0971899 0.0974979
0 0.361064 0.656519 0.105146 0.108344
0 0.532338 0.906407 0.105264 0.092532
0 0.525676 0.243448 0.0895601 0.0862857
0 0.963055 0.256199 0.073889 0.112477
0 0.902631 0.240937 0.0970684 0.106619
0 0.947841 0.147475 0.104319 0.106957
0 0.517481 0.847998 0.0919575 0.0799154
0 0.229931 0.907838 0.0947106 0.0872564
0 0.863479 0.949309 0.12227 0.100447
0 0.961429 0.8248 0.0771421 0.149445
0 0.230456 0.460971 0.0999079 0.0905422
0 0.465426 0.745966 0.102202 0.0997434
