0 0.438448 0.0589749 0.109093 0.101276
0 0.650915 0.952531 0.104996 0.0949377
0 0.62233 0.893108 0.105818 0.104164
0 0.960965 0.929139 0.07803 0.101875
0 0.311183 0.513525 0.132298 0.129406
0 0.229281 0.497666 0.112376 0.118377
0 0.176842 0.51543 0.097965 0.107126
0 0.677377 0.363154 0.109539 0.104134
0 0.315741 0.407745 0.126711 0.109231
0 0.577999 0.513992 0.108525 0.114445
0 0.471497 0.125403 0.0987929 0.0885564
0 0.719104 0.431303 0.104614 0.105154
0 0.932669 0.0230462 0.087085 0.0459847
0 0.161465 0.986133 0.108699 0.0277336
0 0.834239 0.854165 0.053552 0.0511376
0 0.0222389 0.937799 0.0444778 0.0715725
0 0.963294 0.977619 0.0726258 0.0447612
0 0.0194041 0.981904 0.0387548 0.0361921
0 0.826893 0.928781 0.0423836 0.0419731
0 0.424172 0.00990885 0.113504 0.0198177
0 0.00880738 0.842763 0.0176148 0.0763257
