0 0.195571 0.707273 0.139573 0.139319
0 0.544044 0.205218 0.124876 0.116837
0 0.105436 0.662336 0.125363 0.114335
0 0.552134 0.0892565 0.141034 0.119172
0 0.18645 0.507538 0.122287 0.130443
0 0.0560412 0.483029 0.1117 0.111408
0 0.0545339 0.845545 0.0923698 0.0797548
0 0.423342 0.103302 0.109926 0.104665
0 0.445255 0.860133 0.115841 0.102236
0 0.281137 0.963349 0.149621 0.0733021
0 0.176068 0.0599074 0.108857 0.0961499
0 0.670554 0.73685 0.144444 0.133877
0 0.952241 0.0983624 0.0952021 0.154436
0 0.475688 0.412161 0.133895 0.138712
0 0.43446 0.77784 0.12413 0.103948
0 0.154435 0.153254 0.0977365 0.0899965
0 0.443041 0.52732 0.105771 0.110765
