0 0.738052 0.503484 0.107596 0.102683
0 0.651915 0.647491 0.112766 0.108595
0 0.0513194 0.227765 0.102639 0.116589
0 0.0471945 0.443455 0.0943891 0.112273
0 0.688769 0.757792 0.0826965 0.077626
0 0.0646925 0.533894 0.115723 0.113916
0 0.872516 0.4561 0.125959 0.109882
0 0.893752 0.191325 0.121183 0.121349
0 0.0561878 0.0939306 0.111307 0.125549
0 0.677432 0.57931 0.126485 0.10115
0 0.616404 0.137336 0.0889406 0.0859738
0 0.895088 0.363253 0.126079 0.100989
0 0.363933 0.809715 0.0941054 0.0928715
0 0.511831 0.127473 0.0991943 0.0990735
0 0.119894 0.957132 0.0992063 0.0856643
0 0.0456812 0.756907 0.0913385 0.0981836
0 0.842599 0.0568515 0.143487 0.113703
0 0.353247 0.63277 0.0643967 0.0488272
0 0.0195783 0.707283 0.0391566 0.0608488
0 0.497911 0.408615 0.0990005 0.0679039
0 0.668688 0.464918 0.0683157 0.0704586
0 0.631374 0.954978 0.0812361 0.06896
0 0.530723 0.525024 0.0673838 0.0719198
0 0.476281 0.503387 0.0805677 0.0837676
0 0.518492 0.829063 0.0782467 0.0951586
0 0.44814 0.822395 0.0791023 0.097893
