0 0.736804 0.511478 0.196503 0.177832
0 0.674197 0.299958 0.105631 0.0941415
0 0.20911 0.722192 0.0893091 0.088542
0 0.654367 0.389597 0.11039 0.101808
0 0.206869 0.141398 0.125886 0.120103
0 0.765331 0.914766 0.188128 0.167749
0 0.592886 0.321886 0.0913137 0.0954186
0 0.716702 0.221448 0.10458 0.0940416
0 0.366624 0.249426 0.120586 0.114043
0 0.420703 0.883027 0.161866 0.12298
0 0.397208 0.494384 0.0935951 0.0919196
0 0.781884 0.6347 0.129902 0.133646
0 0.447901 0.700947 0.172998 0.148409
0 0.392284 0.0382659 0.0937916 0.0765317
0 0.860528 0.422418 0.121447 0.11748
0 0.43462 0.761103 0.178293 0.186261
0 0.633193 0.216862 0.0935236 0.10887
0 0.39217 0.126619 0.0952344 0.104649
0 0.42821 0.784349 0.162112 0.140087
0 0.330559 0.480531 0.0830545 0.0777197
