0 0.77796 0.597099 0.128947 0.116232
0 0.939951 0.511433 0.0988945 0.0988184
0 0.614622 0.12439 0.110638 0.111331
0 0.0425685 0.537611 0.085137 0.125494
0 0.431646 0.512378 0.129135 0.125226
0 0.29319 0.15642 0.123412 0.106304
0 0.169499 0.186002 0.107453 0.0926153
0 0.555151 0.871709 0.11673 0.106088
0 0.65137 0.78347 0.130088 0.12544
0 0.884502 0.936117 0.11054 0.0947528
0 0.856594 0.537289 0.0877463 0.0829997
0 0.334068 0.358142 0.110129 0.11443
0 0.894877 0.803713 0.124921 0.126881
0 0.845232 0.662802 0.0905032 0.0826372
0 0.741498 0.84686 0.101377 0.102247
0 0.916064 0.348552 0.110362 0.1125
0 0.0557965 0.644177 0.0842235 0.0733332
0 0.459702 0.416341 0.076203 0.0834606
0 0.503804 0.10382 0.0648863 0.050554
0 0.262414 0.971762 0.0821687 0.0564752
0 0.750837 0.946626 0.0839655 0.0831386
0 0.778412 0.76571 0.112608 0.0954435
0 0.504889 0.152654 0.0703619 0.0728464
