0 0.799397 0.200093 0.132227 0.122
0 0.904848 0.062364 0.124523 0.1176
0 0.516564 0.703803 0.0965561 0.10241
0 0.353589 0.80834 0.127909 0.116636
0 0.814454 0.298689 0.109752 0.105948
0 0.685464 0.756721 0.0920053 0.0874417
0 0.226998 0.691053 0.0983896 0.0991605
0 0.316484 0.745074 0.111747 0.0995497
0 0.0875141 0.951761 0.127395 0.0964788
0 0.476334 0.389788 0.0811533 0.081309
0 0.358761 0.650975 0.089858 0.0916102
0 0.832112 0.0836612 0.102843 0.121872
0 0.979641 0.319271 0.0407186 0.130095
0 0.530612 0.415256 0.0848959 0.0778049
0 0.982693 0.431622 0.0346146 0.114038
0 0.0590086 0.0238631 0.116163 0.0477263
0 0.428995 0.637814 0.0769948 0.0796097
0 0.879241 0.864994 0.066045 0.0628592
0 0.783908 0.771977 0.0668644 0.0569053
0 0.704574 0.957963 0.0644437 0.0622904
