0 0.685808 0.585404 0.158212 0.145252
0 0.245575 0.22682 0.142538 0.130083
0 0.32878 0.953781 0.113635 0.09237
0 0.943645 0.61683 0.112711 0.117411
0 0.920854 0.226498 0.124125 0.108982
0 0.817547 0.785454 0.14808 0.137012
0 0.316718 0.157364 0.121457 0.114202
0 0.766553 0.927929 0.120482 0.12142
0 0.680352 0.473595 0.149312 0.122659
0 0.362282 0.630668 0.125551 0.11715
0 0.918971 0.368055 0.150836 0.122267
0 0.0810489 0.803279 0.111198 0.114515
0 0.162725 0.563123 0.092736 0.0675756
0 0.162715 0.618492 0.09119 0.0849724
0 0.874424 0.694843 0.118203 0.100413
0 0.653776 0.877741 0.106155 0.115072
0 0.250309 0.28287 0.101395 0.0560291
0 0.974002 0.51766 0.0519958 0.0844755
0 0.324538 0.489509 0.0924771 0.103175
0 0.0894998 0.762593 0.0962156 0.063633
0 0.313248 0.500079 0.0684877 0.0825062
