0 0.546968 0.0595952 0.144017 0.11919
0 0.370078 0.818712 0.0776456 0.0733175
0 0.816121 0.0566346 0.12332 0.113269
0 0.054864 0.598901 0.099947 0.0938807
0 0.426277 0.851841 0.0864474 0.0773582
0 0.0700869 0.690842 0.100818 0.0996233
0 0.0467576 0.305705 0.0923681 0.092319
0 0.42288 0.793679 0.0733397 0.065367
0 0.0773894 0.374091 0.0882547 0.076805
0 0.0747617 0.868575 0.0936862 0.0984448
0 0.924161 0.307612 0.104367 0.0888351
0 0.198559 0.0590989 0.0686966 0.0698555
0 0.484918 0.928458 0.0553634 0.0551998
0 0.281875 0.793632 0.0505989 0.0503238
0 0.0229238 0.8856 0.0458475 0.101876
0 0.837097 0.178327 0.065241 0.0608773
0 0.10391 0.948683 0.0660228 0.0808937
0 0.526153 0.336935 0.0446483 0.0385463
0 0.0138327 0.65715 0.0275465 0.115954
0 0.599966 0.957568 0.0820599 0.0697708
0 0.466811 0.276197 0.0428407 0.0397389
0 0.375366 0.204423 0.0586671 0.0576305
0 0.398263 0.87047 0.0554688 0.0482571
0 0.904062 0.146991 0.0536612 0.0594919
0 0.135192 0.0257062 0.0724202 0.0514124
