0 0.614617 0.864792 0.158175 0.152357
0 0.403227 0.732783 0.14074 0.136307
0 0.177529 0.829771 0.160796 0.158913
0 0.955294 0.212186 0.0887537 0.119052
0 0.0476949 0.510487 0.095311 0.122805
0 0.106782 0.921369 0.165516 0.137439
0 0.669798 0.203941 0.106361 0.102043
0 0.788671 0.951075 0.174028 0.0978506
0 0.850382 0.162994 0.105684 0.0901156
0 0.269568 0.949866 0.14028 0.100269
0 0.368977 0.603101 0.125926 0.115531
0 0.897783 0.447842 0.100693 0.099508
0 0.866289 0.242971 0.103987 0.0875549
0 0.798135 0.108195 0.102019 0.0932595
0 0.293567 0.722188 0.11253 0.11399
0 0.0620202 0.710034 0.117325 0.124442
0 0.73476 0.32782 0.127946 0.117653
0 0.758756 0.423817 0.091293 0.0919873
0 0.15942 0.983772 0.136091 0.0324566
0 0.881872 0.839473 0.0973434 0.0988462
0 0.906953 0.352248 0.105881 0.10972
0 0.453423 0.967183 0.164285 0.0656343
0 0.0445855 0.966951 0.0891709 0.0656313
0 0.75957 0.207044 0.0784206 0.0711947
0 0.59184 0.412226 0.108226 0.109158
