0 0.72499 0.303878 0.143575 0.13796
0 0.263105 0.0995269 0.123549 0.118847
0 0.178921 0.120895 0.117525 0.117101
0 0.379475 0.296945 0.126116 0.118018
0 0.499538 0.393982 0.0911874 0.0789446
0 0.422035 0.861335 0.132302 0.136815
0 0.700372 0.0513836 0.100112 0.101519
0 0.287655 0.174538 0.108779 0.109299
0 0.455855 0.236645 0.110814 0.108912
0 0.967332 0.574507 0.0653364 0.115204
0 0.345074 0.878851 0.0934002 0.116233
0 0.0953498 0.516082 0.100784 0.102011
0 0.0282113 0.845407 0.0563551 0.127631
0 0.0821808 0.688218 0.0947596 0.0940153
0 0.395473 0.235263 0.0591939 0.0459648
0 0.0318264 0.76716 0.0633741 0.0999301
0 0.552101 0.503451 0.074667 0.0649438
