0 0.710357 0.443733 0.122163 0.111808
0 0.876213 0.315823 0.129643 0.122398
0 0.463674 0.273808 0.110655 0.0952248
0 0.811237 0.484338 0.143864 0.120963
0 0.046591 0.337078 0.0928693 0.133103
0 0.0631071 0.531726 0.111316 0.114834
0 0.820753 0.193041 0.108982 0.097698
0 0.154048 0.239264 0.119454 0.119485
0 0.426444 0.337247 0.105509 0.0920053
0 0.348436 0.277366 0.0991452 0.0919458
0 0.650033 0.0260953 0.111455 0.0521905
0 0.360087 0.0807152 0.122355 0.10774
0 0.0738943 0.308308 0.100079 0.108337
0 0.877676 0.12006 0.0952286 0.0928418
0 0.546691 0.177008 0.092235 0.0977445
0 0.531269 0.758756 0.0745226 0.0783791
0 0.0711559 0.425088 0.109829 0.116138
0 0.514579 0.810777 0.0756825 0.0530043
0 0.260913 0.0382897 0.119924 0.0765581
0 0.303132 0.307775 0.0709408 0.0878426
0 0.573981 0.793011 0.0878941 0.0642781
0 0.911557 0.182814 0.0915848 0.0772042
0 0.328363 0.0220337 0.127486 0.0440675
