0 0.814949 0.33545 0.112453 0.0997273
0 0.916387 0.703983 0.112464 0.109622
0 0.345939 0.338089 0.114374 0.110509
0 0.839293 0.761315 0.128088 0.126002
0 0.847775 0.657154 0.138143 0.119287
0 0.17847 0.21378 0.0974635 0.103105
0 0.0661421 0.546003 0.101239 0.0993773
0 0.593472 0.555238 0.0978552 0.1025
0 0.0583813 0.691244 0.0922211 0.0885126
0 0.829111 0.280122 0.103853 0.0775851
0 0.657699 0.951131 0.102821 0.0934666
0 0.769116 0.68463 0.0904136 0.112725
0 0.332935 0.873727 0.0505114 0.0477089
0 0.824407 0.981378 0.0891593 0.0372446
0 0.152258 0.819235 0.0455805 0.0393904
0 0.365141 0.557301 0.0722333 0.079026
0 0.166753 0.856668 0.0493788 0.0493258
0 0.306219 0.739846 0.0605004 0.0641285
0 0.395174 0.788514 0.0453886 0.0550998
0 0.748944 0.964597 0.0968823 0.0707126
0 0.702779 0.488768 0.047869 0.0432236
0 0.915888 0.846874 0.0378551 0.0368072
