0 0.384931 0.045943 0.107066 0.0918861
0 0.545653 0.0939188 0.129775 0.111616
0 0.460507 0.142597 0.124227 0.120992
0 0.0649322 0.466836 0.129099 0.161741
0 0.17467 0.452272 0.128046 0.146412
0 0.284786 0.937253 0.131201 0.116966
0 0.249823 0.905576 0.113482 0.0957537
0 0.48867 0.0444632 0.0964941 0.0851524
0 0.572156 0.137559 0.107107 0.0910105
0 0.324837 0.0606896 0.0879981 0.0923033
0 0.180278 0.0215347 0.0954306 0.0427717
0 0.0756087 0.371347 0.108604 0.0972371
0 0.217838 0.238881 0.0740756 0.0756906
