0 0.376105 0.445534 0.1529 0.143178
0 0.953796 0.158502 0.0924079 0.128884
0 0.65303 0.891935 0.123418 0.11968
0 0.337263 0.704268 0.123108 0.0985653
0 0.0628328 0.0863416 0.12561 0.155548
0 0.515996 0.946631 0.122552 0.106319
0 0.680287 0.810047 0.0986835 0.0931537
0 0.583051 0.528429 0.0663307 0.0691647
0 0.268768 0.95061 0.0976476 0.0921562
0 0.321216 0.545376 0.115223 0.107716
0 0.199037 0.978702 0.135552 0.0425953
0 0.0441485 0.331362 0.0882971 0.0817638
0 0.0156927 0.28535 0.0308754 0.112676
