0 0.93403 0.0990057 0.131941 0.127582
0 0.766786 0.756785 0.106871 0.0987168
0 0.222882 0.735142 0.114416 0.109499
0 0.620961 0.193695 0.0856682 0.0827039
0 0.398857 0.973001 0.136939 0.0537363
0 0.93763 0.223544 0.123163 0.130601
0 0.755228 0.412584 0.0845438 0.0843136
0 0.96832 0.297016 0.062899 0.120143
0 0.72444 0.5431 0.120152 0.110002
0 0.843169 0.317337 0.10855 0.104843
0 0.0515956 0.911065 0.103025 0.103435
0 0.272878 0.0228395 0.0594895 0.0455125
0 0.753641 0.0481035 0.0685468 0.0731867
0 0.844958 0.401547 0.0923333 0.100833
0 0.207152 0.383907 0.0752947 0.100572
0 0.0202284 0.729814 0.0403871 0.104531
0 0.0740788 0.816558 0.0942334 0.0939057
0 0.210653 0.0282624 0.0594956 0.0557914
0 0.901481 0.0104971 0.133681 0.0209941
0 0.0141603 0.829898 0.0282249 0.102029
0 0.0202732 0.829844 0.040478 0.103165
0 0.63343 0.357158 0.0585383 0.0594448
