0 0.347262 0.767742 0.131911 0.130295
0 0.475045 0.0503341 0.14403 0.100308
0 0.852157 0.550598 0.168188 0.170635
0 0.734266 0.312596 0.141572 0.137059
0 0.421509 0.132533 0.142896 0.1463
0 0.71615 0.945047 0.17053 0.109907
0 0.338184 0.412473 0.159925 0.142036
0 0.528735 0.509309 0.11421 0.118548
0 0.842806 0.937661 0.141679 0.124678
0 0.267019 0.0707678 0.11526 0.112375
0 0.957991 0.586203 0.0838266 0.150608
0 0.47982 0.953634 0.178755 0.0927313
0 0.251235 0.974306 0.15139 0.0513344
0 0.292708 0.934787 0.105623 0.0975037
0 0.656149 0.213999 0.130195 0.128592
0 0.608682 0.170127 0.111589 0.110098
0 0.144679 0.217194 0.0709396 0.0685798
0 0.21418 0.914387 0.100336 0.102643
0 0.652329 0.738241 0.0801275 0.0767971
0 0.348024 0.580737 0.103715 0.111148
