0 0.777376 0.447853 0.147831 0.133441
0 0.864828 0.380599 0.141613 0.1357
0 0.920524 0.936965 0.149038 0.125429
0 0.788537 0.703704 0.110418 0.108106
0 0.929649 0.641832 0.138989 0.11588
0 0.0852346 0.483151 0.107645 0.0989822
0 0.469027 0.840249 0.113117 0.097185
0 0.368831 0.41433 0.0901495 0.0883608
0 0.206982 0.676472 0.0919099 0.0888136
0 0.14124 0.386066 0.107327 0.100461
0 0.102919 0.110671 0.114357 0.111139
0 0.313102 0.415948 0.0904774 0.100929
0 0.951969 0.299179 0.0936535 0.0888443
0 0.667566 0.615272 0.0965095 0.084314
0 0.677004 0.979725 0.126618 0.040549
