0 0.670283 0.676806 0.126713 0.132254
0 0.520041 0.300254 0.111171 0.108095
0 0.689187 0.355767 0.133471 0.112473
0 0.70945 0.938986 0.139413 0.121475
0 0.673234 0.783969 0.110138 0.10881
0 0.126083 0.693189 0.10473 0.0941223
0 0.597107 0.401362 0.117122 0.111615
0 0.926759 0.907223 0.095874 0.0896717
0 0.664945 0.490116 0.106479 0.114763
0 0.802724 0.405302 0.115889 0.0978087
0 0.595985 0.031093 0.107076 0.0621859
0 0.466804 0.235688 0.0667704 0.0668738
0 0.840576 0.875331 0.113438 0.0961342
0 0.192434 0.305472 0.11426 0.105754
0 0.421167 0.31427 0.110342 0.132609
0 0.388006 0.708662 0.0884816 0.0981579
0 0.312917 0.201635 0.0704647 0.0662348
0 0.563167 0.0430823 0.0684806 0.0742121
0 0.122068 0.314863 0.083805 0.100737
