0 0.744204 0.94403 0.121574 0.111513
0 0.850796 0.793582 0.124057 0.115691
0 0.778668 0.79527 0.0977765 0.119433
0 0.776333 0.427766 0.0909563 0.0976263
0 0.559093 0.377011 0.108403 0.107696
0 0.582996 0.429589 0.119148 0.0912013
0 0.714032 0.476542 0.119164 0.102271
0 0.158445 0.31368 0.0569657 0.0515083
0 0.031854 0.581709 0.0631761 0.101435
0 0.415434 0.729581 0.0531841 0.0480433
0 0.0313011 0.522145 0.0626023 0.0661014
0 0.0141208 0.874988 0.0282415 0.0916115
0 0.354413 0.828061 0.0565687 0.0662541
0 0.948658 0.991494 0.102685 0.0170116
0 0.505616 0.43615 0.0515716 0.0458596
