0 0.937994 0.910395 0.124013 0.109488
0 0.0460547 0.239108 0.091135 0.11521
0 0.519442 0.665792 0.0865301 0.0808843
0 0.733368 0.564941 0.119554 0.107545
0 0.864856 0.567474 0.143349 0.129858
0 0.469586 0.727839 0.106322 0.0938413
0 0.436355 0.259512 0.124408 0.117099
0 0.431237 0.391738 0.126273 0.116264
0 0.11452 0.386314 0.0952923 0.0965109
0 0.176905 0.519658 0.103372 0.0933139
0 0.343775 0.669739 0.0727226 0.0772674
0 0.0384785 0.43436 0.0741056 0.0709103
0 0.025111 0.361493 0.0502221 0.089686
0 0.798621 0.714209 0.117081 0.111351
0 0.973993 0.815581 0.0518168 0.125433
0 0.636102 0.0403315 0.10429 0.0805152
0 0.536674 0.0607715 0.097152 0.0928968
0 0.98546 0.961161 0.0290793 0.0776773
0 0.155695 0.447727 0.0870296 0.0802671
