0 0.737828 0.510044 0.199153 0.17642
0 0.65636 0.387908 0.113573 0.103559
0 0.211539 0.722373 0.0878851 0.0862278
0 0.766862 0.921608 0.185071 0.151213
0 0.78512 0.630225 0.136186 0.144314
0 0.672946 0.299963 0.103983 0.0930323
0 0.589128 0.321695 0.084176 0.0934022
0 0.39956 0.494004 0.0930361 0.0908239
0 0.366477 0.249422 0.115656 0.117188
0 0.716601 0.222238 0.100437 0.0967691
0 0.861965 0.422807 0.120376 0.113708
0 0.206831 0.140949 0.127915 0.116317
0 0.395176 0.0391343 0.0937308 0.0782685
0 0.434689 0.788557 0.162923 0.127754
0 0.681362 0.63793 0.101838 0.140149
0 0.420986 0.880904 0.162396 0.119727
0 0.389084 0.133957 0.106259 0.111714
0 0.634796 0.215743 0.0935955 0.108313
0 0.46275 0.698082 0.134409 0.140679
0 0.326922 0.486089 0.0727652 0.0672775
