0 0.485618 0.399945 0.110072 0.115409
0 0.683199 0.0857332 0.138058 0.136602
0 0.890223 0.789009 0.0861832 0.0869017
0 0.918949 0.880696 0.101368 0.0919113
0 0.966035 0.915523 0.0679306 0.118632
0 0.817682 0.0425708 0.0978779 0.0846567
0 0.79081 0.977575 0.122733 0.0448499
0 0.498173 0.97844 0.0962887 0.0431196
0 0.165834 0.323966 0.0895025 0.0906343
0 0.953288 0.814868 0.0898186 0.0851375
0 0.708923 0.979111 0.0931391 0.041777
0 0.209166 0.68751 0.0791303 0.0623296
0 0.329611 0.879093 0.0671666 0.069834
0 0.19316 0.740482 0.0660376 0.0658842
0 0.637621 0.323832 0.0886362 0.0955887
0 0.817786 0.663016 0.0529306 0.0545912
0 0.570121 0.778751 0.107508 0.0817679
0 0.718943 0.793245 0.0525074 0.0522466
0 0.923923 0.665443 0.0560381 0.0552534
0 0.890183 0.0320786 0.0836341 0.0641572
0 0.39878 0.854988 0.0788917 0.0688999
