0 0.0510801 0.226115 0.10216 0.115079
0 0.739896 0.503284 0.100847 0.101729
0 0.650959 0.646801 0.115551 0.111801
0 0.0471488 0.442103 0.094247 0.111108
0 0.0661611 0.534234 0.116877 0.114638
0 0.689057 0.757356 0.0837629 0.0782261
0 0.6773 0.577034 0.129328 0.0963125
0 0.0546036 0.0943495 0.108817 0.124284
0 0.871019 0.452172 0.125753 0.115357
0 0.895531 0.189986 0.122833 0.121644
0 0.510799 0.127776 0.10036 0.0991354
0 0.891935 0.36437 0.11943 0.0991558
0 0.367439 0.809498 0.0915836 0.0920269
0 0.123184 0.956863 0.0995587 0.0855924
0 0.611744 0.136241 0.0875692 0.0897748
0 0.83198 0.0556702 0.121683 0.111311
0 0.500331 0.404455 0.106436 0.0786668
0 0.476315 0.505485 0.0863909 0.0856388
0 0.352115 0.634397 0.0631685 0.0510824
0 0.667131 0.468287 0.0719773 0.0781437
0 0.0475479 0.761134 0.0950958 0.102553
0 0.519739 0.82778 0.0821396 0.0957283
0 0.462933 0.810516 0.0857714 0.083626
0 0.538995 0.528088 0.0527954 0.0616611
0 0.0184423 0.719911 0.0368094 0.0905026
