0 0.582254 0.191298 0.131711 0.111141
0 0.323464 0.407399 0.105786 0.0950853
0 0.0395982 0.949372 0.0791965 0.100623
0 0.869959 0.301512 0.14889 0.133601
0 0.691492 0.0640303 0.16123 0.127675
0 0.781341 0.381831 0.132352 0.111317
0 0.269418 0.033721 0.110059 0.0674421
0 0.13234 0.281376 0.0877491 0.0778871
0 0.373376 0.343634 0.0883369 0.0811152
0 0.201011 0.361767 0.0699778 0.0694768
0 0.175106 0.212477 0.0948902 0.0888634
0 0.210877 0.254341 0.0826022 0.0910876
0 0.777231 0.721402 0.0975816 0.102625
0 0.0284147 0.0268612 0.0566089 0.0537224
0 0.0462557 0.20278 0.0924475 0.102146
0 0.649761 0.457214 0.123205 0.118616
0 0.885317 0.433051 0.150639 0.130917
