0 0.330553 0.528819 0.13315 0.119313
0 0.197045 0.955185 0.0778189 0.0738177
0 0.673091 0.969196 0.0789553 0.0616085
0 0.550021 0.645389 0.111499 0.102884
0 0.523231 0.723319 0.0986345 0.0964739
0 0.195214 0.50925 0.0993168 0.093282
0 0.446724 0.629088 0.0999162 0.0897536
0 0.130662 0.9706 0.0791796 0.058799
0 0.589653 0.484249 0.0953465 0.0957949
0 0.192264 0.162241 0.106915 0.0918
0 0.142714 0.901558 0.0789831 0.0881229
0 0.978473 0.841007 0.0427591 0.0942677
0 0.681639 0.878691 0.105913 0.0961739
0 0.238662 0.597598 0.0887681 0.0827051
0 0.204415 0.461683 0.0917002 0.062748
0 0.15879 0.260585 0.104465 0.0996619
0 0.597649 0.914115 0.0756741 0.0685852
0 0.580426 0.989918 0.102441 0.0201441
0 0.543809 0.942049 0.0512121 0.0489628
0 0.348748 0.592787 0.0859073 0.0726026
0 0.362237 0.486123 0.0868955 0.0632679
