0 0.431113 0.533322 0.114545 0.109552
0 0.802983 0.685819 0.121843 0.113829
0 0.213498 0.170523 0.11745 0.0987374
0 0.513204 0.152731 0.127217 0.107148
0 0.731112 0.70123 0.0980613 0.102727
0 0.864388 0.0361889 0.120411 0.0723778
0 0.88522 0.212862 0.0982338 0.0987593
0 0.21133 0.0737235 0.101823 0.0936452
0 0.494329 0.250128 0.0952783 0.0945627
0 0.447862 0.595723 0.0994109 0.0754393
0 0.592058 0.0243642 0.136288 0.0480729
0 0.814953 0.406663 0.0710354 0.0854407
0 0.738328 0.608459 0.108382 0.101929
0 0.894102 0.457187 0.0763416 0.0786646
