0 0.886077 0.890075 0.201074 0.186275
0 0.603092 0.125252 0.140116 0.146132
0 0.53944 0.747636 0.143159 0.1391
0 0.131053 0.344469 0.147385 0.143
0 0.593756 0.589853 0.165344 0.157839
0 0.741908 0.139044 0.160457 0.169542
0 0.337712 0.0895524 0.171115 0.166783
0 0.888809 0.0934869 0.17684 0.179597
0 0.175371 0.781772 0.164857 0.162811
0 0.203115 0.0399882 0.153184 0.0799764
0 0.566153 0.0529324 0.167787 0.105865
0 0.0837224 0.783715 0.0936631 0.110281
0 0.365744 0.847507 0.116923 0.105899
0 0.117581 0.919585 0.104256 0.113089
0 0.691523 0.0519078 0.118616 0.102951
0 0.870838 0.529441 0.103511 0.0933623
0 0.143596 0.0738025 0.111153 0.0999415
0 0.216555 0.312392 0.119218 0.110558
0 0.913203 0.649792 0.117416 0.125814
0 0.825004 0.240761 0.117728 0.107612
0 0.0104777 0.444055 0.0209554 0.121813
