0 0.297495 0.762705 0.132893 0.138134
0 0.194824 0.0615617 0.115855 0.109846
0 0.16995 0.752637 0.129937 0.118557
0 0.281814 0.120568 0.10922 0.100112
0 0.625999 0.670739 0.132644 0.124999
0 0.711874 0.832164 0.0950521 0.0939867
0 0.310222 0.305935 0.144902 0.121887
0 0.684583 0.347443 0.109848 0.121338
0 0.469084 0.872519 0.0842911 0.0824687
0 0.688948 0.763415 0.102022 0.101707
0 0.401365 0.0304395 0.13298 0.060879
0 0.243911 0.445483 0.0784383 0.0773864
0 0.506566 0.950053 0.0968696 0.0924256
0 0.440124 0.309303 0.103235 0.0993715
0 0.806489 0.756028 0.102493 0.107886
0 0.684457 0.48898 0.0978717 0.0990952
0 0.957717 0.0681706 0.0845065 0.108385
0 0.291719 0.0344078 0.103718 0.0688156
0 0.864318 0.569737 0.0938564 0.0867466
