0 0.80167 0.198433 0.124345 0.120565
0 0.352801 0.809661 0.126806 0.1188
0 0.816479 0.299656 0.108471 0.104063
0 0.906594 0.0645685 0.125486 0.113455
0 0.515533 0.704074 0.0980099 0.100171
0 0.225056 0.692861 0.0964392 0.0946195
0 0.31885 0.744985 0.114066 0.0954247
0 0.0854825 0.948367 0.128585 0.103267
0 0.834163 0.0828146 0.102449 0.12014
0 0.979666 0.3217 0.0406368 0.129774
0 0.683923 0.759974 0.0897143 0.0777611
0 0.3588 0.652202 0.0881854 0.0862852
0 0.982486 0.432159 0.0346485 0.114247
0 0.425402 0.636769 0.0806461 0.0812181
0 0.478002 0.395599 0.0892918 0.093924
0 0.0585577 0.0232175 0.110126 0.0457718
0 0.787409 0.773789 0.0541664 0.0472306
0 0.397029 0.558964 0.0529726 0.0553061
