0 0.596224 0.130698 0.153157 0.145315
0 0.664969 0.203637 0.135921 0.136101
0 0.127627 0.0864434 0.151798 0.126984
0 0.628683 0.735042 0.111892 0.100258
0 0.78228 0.854431 0.0974744 0.0934376
0 0.841703 0.622707 0.0991554 0.108019
0 0.229444 0.0868431 0.0776981 0.092492
0 0.487356 0.801046 0.10594 0.103612
0 0.120827 0.670054 0.109297 0.104084
0 0.806491 0.767524 0.0992733 0.096736
0 0.760574 0.665495 0.111359 0.0997994
0 0.737448 0.580176 0.103478 0.095187
0 0.272087 0.976605 0.123066 0.0466824
0 0.934287 0.591019 0.0868658 0.0939115
0 0.0767945 0.176444 0.130725 0.134049
0 0.595805 0.869844 0.11863 0.122212
0 0.811671 0.292421 0.114104 0.102005
