0 0.528615 0.552063 0.129805 0.126152
0 0.313639 0.0470646 0.111727 0.0935598
0 0.392363 0.0755286 0.101215 0.103703
0 0.296072 0.482917 0.0902748 0.091259
0 0.672178 0.539756 0.106857 0.100212
0 0.0480732 0.718512 0.0961464 0.102629
0 0.15798 0.110253 0.123684 0.125298
0 0.665336 0.619813 0.104664 0.100724
0 0.858299 0.412377 0.0627483 0.0640708
0 0.376721 0.266834 0.0916314 0.0794445
0 0.36544 0.905271 0.0937793 0.0910778
0 0.796087 0.748516 0.0692661 0.0755274
0 0.882757 0.444374 0.038047 0.0389746
0 0.98338 0.140234 0.0332409 0.0840266
0 0.231953 0.70374 0.0634216 0.0627356
0 0.836754 0.460972 0.0478809 0.0451698
0 0.590902 0.211809 0.0824619 0.0845673
