0 0.38594 0.134836 0.152066 0.138252
0 0.2062 0.681061 0.130462 0.119975
0 0.658977 0.549571 0.116684 0.113683
0 0.273777 0.611722 0.0971161 0.08293
0 0.521872 0.591473 0.111699 0.120758
0 0.345021 0.386942 0.12214 0.105236
0 0.0716599 0.574816 0.120276 0.110037
0 0.682441 0.461617 0.11247 0.0953679
0 0.330921 0.190497 0.112908 0.109331
0 0.395166 0.759131 0.106377 0.115627
0 0.594216 0.187151 0.0727331 0.0707563
0 0.120515 0.701818 0.0674331 0.061454
0 0.023578 0.0298783 0.047156 0.0594649
0 0.492776 0.984882 0.0835606 0.0302361
0 0.442294 0.980561 0.0772928 0.0388787
0 0.373581 0.592272 0.108409 0.103735
0 0.16042 0.656087 0.0627018 0.0729323
0 0.298363 0.884731 0.0790633 0.0710083
0 0.424251 0.826369 0.0647319 0.0516353
0 0.146167 0.992882 0.0960701 0.0140949
0 0.32235 0.842779 0.0941663 0.0866577
