0 0.721264 0.349022 0.112804 0.107686
0 0.535873 0.888144 0.0835434 0.0878344
0 0.598515 0.668896 0.085234 0.0804896
0 0.0366298 0.423156 0.0732596 0.099307
0 0.574614 0.609156 0.0896637 0.0831085
0 0.444275 0.560542 0.117738 0.111175
0 0.527993 0.529585 0.0772072 0.077705
0 0.777849 0.238672 0.090609 0.077125
0 0.633611 0.90552 0.0708296 0.0688444
0 0.155748 0.954856 0.0842746 0.0686352
0 0.0299619 0.207707 0.059739 0.109578
0 0.556227 0.945285 0.0667329 0.059953
0 0.502656 0.991501 0.116189 0.0169979
0 0.973929 0.984939 0.0521421 0.0299801
0 0.176457 0.987285 0.0922398 0.0254301
