0 0.901484 0.599763 0.131137 0.123175
0 0.282149 0.940235 0.117734 0.11953
0 0.866809 0.202448 0.116553 0.11568
0 0.431642 0.617271 0.131071 0.119148
0 0.926163 0.497523 0.109209 0.111565
0 0.884021 0.368566 0.114317 0.107742
0 0.131247 0.907753 0.0925367 0.100678
0 0.888846 0.928918 0.0918684 0.0915033
0 0.320138 0.434119 0.0994493 0.0935154
0 0.723478 0.134307 0.0956404 0.0973664
0 0.359449 0.880387 0.0992774 0.091423
0 0.893463 0.738814 0.121806 0.12045
0 0.869177 0.858126 0.0996695 0.0895901
0 0.0672987 0.841368 0.106917 0.0962593
0 0.587921 0.0280135 0.106288 0.055911
0 0.827049 0.0951023 0.0853245 0.0878025
0 0.0140019 0.924299 0.0277297 0.0965271
