0 0.633292 0.834228 0.123288 0.11983
0 0.926082 0.528297 0.124481 0.126592
0 0.599031 0.927333 0.118816 0.1054
0 0.658224 0.323894 0.122048 0.122781
0 0.493707 0.264803 0.127422 0.118025
0 0.664068 0.633714 0.0916498 0.0892337
0 0.890276 0.0663365 0.0958633 0.0913727
0 0.853701 0.178937 0.104468 0.1038
0 0.937627 0.365491 0.100516 0.0983488
0 0.733645 0.519971 0.0677873 0.0647612
0 0.0510633 0.983408 0.102127 0.0331452
0 0.554775 0.96382 0.0796671 0.0723603
0 0.927295 0.990257 0.0744033 0.0194862
0 0.0720459 0.882308 0.0855821 0.0859973
0 0.323789 0.0149189 0.128841 0.0298378
