0 0.710727 0.442852 0.124145 0.111169
0 0.875445 0.316849 0.130934 0.122938
0 0.826191 0.193642 0.126029 0.100544
0 0.152768 0.240479 0.118314 0.1149
0 0.808807 0.483941 0.150217 0.121163
0 0.360975 0.0806494 0.123383 0.110936
0 0.428674 0.336408 0.105205 0.0899823
0 0.0454086 0.341457 0.0908172 0.139142
0 0.347926 0.279162 0.101175 0.0952075
0 0.0643175 0.532255 0.113888 0.110585
0 0.649518 0.0260828 0.114496 0.0513808
0 0.464576 0.27012 0.111293 0.104286
0 0.87775 0.119616 0.105519 0.0950624
0 0.547482 0.179396 0.0916874 0.0952179
0 0.0750468 0.307998 0.0934125 0.10675
0 0.0755044 0.424569 0.124803 0.118328
0 0.33122 0.0219651 0.0997457 0.0439303
0 0.513822 0.813443 0.0705753 0.0570623
0 0.53948 0.75372 0.0855647 0.0900663
0 0.287047 0.308824 0.0844986 0.0888605
0 0.572725 0.796756 0.0843792 0.0711661
0 0.420499 0.0221023 0.0901766 0.0442045
0 0.257474 0.037094 0.109942 0.0737015
