0 0.303845 0.89213 0.119357 0.106165
0 0.743616 0.0996998 0.117849 0.115831
0 0.337842 0.712744 0.129103 0.127298
0 0.644113 0.809414 0.109991 0.112043
0 0.446203 0.671881 0.119205 0.10756
0 0.50816 0.593487 0.130167 0.112394
0 0.332444 0.59429 0.154199 0.123044
0 0.78946 0.148103 0.0939722 0.096757
0 0.395296 0.917541 0.113319 0.112393
0 0.605881 0.898317 0.107889 0.102802
0 0.664015 0.187629 0.113689 0.115303
0 0.148205 0.618652 0.0979316 0.0925859
0 0.357765 0.384732 0.0815042 0.0893806
0 0.456204 0.986193 0.104176 0.0276142
0 0.647962 0.551833 0.0861089 0.0972744
0 0.323865 0.441337 0.0844673 0.0816443
