0 0.438214 0.653072 0.118625 0.106198
0 0.706515 0.0507075 0.13326 0.100641
0 0.234044 0.0654964 0.0978997 0.103999
0 0.709028 0.143463 0.126317 0.102548
0 0.0519826 0.446674 0.0751884 0.0699482
0 0.535929 0.214026 0.0858586 0.082872
0 0.478411 0.231688 0.0820959 0.0935304
0 0.0962726 0.795964 0.108891 0.0904835
0 0.425637 0.748535 0.101988 0.098828
0 0.244976 0.972372 0.0873735 0.0550125
0 0.794233 0.530842 0.104587 0.0872467
0 0.144259 0.723914 0.0860888 0.0788993
0 0.258091 0.653704 0.0989537 0.0967797
0 0.182903 0.402477 0.0863604 0.0781863
0 0.324257 0.0833433 0.0986077 0.126704
0 0.677386 0.390384 0.0872545 0.0862187
0 0.67423 0.521608 0.0879877 0.0822867
0 0.866954 0.73011 0.0600491 0.0592386
0 0.371497 0.788726 0.07903 0.0781151
0 0.688531 0.948775 0.0642952 0.069957
0 0.109191 0.390674 0.0674252 0.0696565
0 0.313966 0.956873 0.0800515 0.0757717
0 0.968811 0.556111 0.0513104 0.0472865
