0 0.142573 0.565768 0.15036 0.137025
0 0.146385 0.671114 0.138651 0.120349
0 0.33307 0.188037 0.106361 0.101485
0 0.0308204 0.769792 0.0616407 0.115435
0 0.513997 0.403163 0.0868771 0.0862067
0 0.56488 0.372613 0.100113 0.0973441
0 0.60039 0.465826 0.119512 0.0960278
0 0.836298 0.0969253 0.105034 0.101697
0 0.102449 0.775315 0.0909229 0.0862391
0 0.614999 0.0435629 0.108687 0.0867236
0 0.802928 0.363698 0.0967827 0.0936771
0 0.387938 0.298024 0.12176 0.116006
0 0.182763 0.876238 0.102574 0.0986958
0 0.405048 0.753783 0.0572131 0.0493618
0 0.64117 0.139244 0.101758 0.0958933
0 0.289974 0.958558 0.0598009 0.0646374
0 0.330082 0.982712 0.0676847 0.0341575
0 0.772703 0.984961 0.110021 0.0300783
0 0.263015 0.771967 0.0390571 0.0390102
0 0.472981 0.671279 0.0500892 0.0482208
0 0.568188 0.202945 0.0727803 0.07659
