0 0.722328 0.307311 0.137944 0.127474
0 0.834668 0.373559 0.144806 0.13067
0 0.949222 0.43498 0.101556 0.119835
0 0.0394984 0.551086 0.0789398 0.133589
0 0.0369877 0.415487 0.073941 0.113132
0 0.48512 0.252485 0.103064 0.0990155
0 0.122696 0.959401 0.0895565 0.0811982
0 0.716275 0.961795 0.104267 0.0764104
0 0.966191 0.542059 0.0673742 0.133029
0 0.309188 0.759587 0.0819574 0.0790151
0 0.618678 0.644043 0.100641 0.097293
0 0.941915 0.916129 0.10706 0.0920174
0 0.767419 0.0571263 0.0975731 0.100745
0 0.0442599 0.117519 0.0879344 0.101749
0 0.835711 0.124697 0.0846449 0.0779742
0 0.787126 0.250242 0.0823774 0.0821515
0 0.748444 0.11552 0.082668 0.0722776
0 0.0995031 0.617106 0.0898772 0.0969385
0 0.971399 0.954312 0.0563251 0.0757651
0 0.982957 0.198887 0.0338405 0.0947973
