0 0.770851 0.922255 0.181429 0.152956
0 0.537731 0.702216 0.163642 0.144987
0 0.0752554 0.877418 0.132792 0.135127
0 0.0529067 0.57435 0.105186 0.111061
0 0.881529 0.546483 0.12996 0.119039
0 0.826165 0.168699 0.128739 0.107582
0 0.333334 0.537884 0.101164 0.101618
0 0.428071 0.546238 0.10677 0.109595
0 0.361686 0.947497 0.128581 0.102502
0 0.0213381 0.946193 0.0426761 0.107614
0 0.0452485 0.0134925 0.090497 0.0268994
0 0.111922 0.538228 0.10229 0.0866803
0 0.818795 0.282115 0.100038 0.0766435
0 0.861687 0.214515 0.116926 0.103511
0 0.35752 0.980867 0.133789 0.0382603
0 0.760168 0.740639 0.117922 0.112596
0 0.033002 0.530962 0.0660041 0.103407
0 0.866832 0.963064 0.116021 0.073747
