0 0.246462 0.932915 0.145343 0.13417
0 0.455634 0.481678 0.131641 0.109372
0 0.155853 0.19433 0.121063 0.100168
0 0.538328 0.308272 0.102008 0.0920811
0 0.736252 0.16585 0.14206 0.121416
0 0.438985 0.38847 0.122506 0.102725
0 0.948941 0.833447 0.0982975 0.104632
0 0.445078 0.108818 0.114747 0.105187
0 0.526248 0.0610208 0.100764 0.0852939
0 0.822559 0.255879 0.129953 0.125569
0 0.17262 0.282398 0.102837 0.0987445
0 0.830765 0.918939 0.11507 0.102882
0 0.86488 0.826702 0.112935 0.113712
0 0.134715 0.465359 0.107622 0.105527
0 0.765894 0.802395 0.125911 0.122766
0 0.482843 0.0279073 0.102685 0.0551304
0 0.203992 0.167119 0.105648 0.103117
0 0.061405 0.870548 0.103905 0.115438
0 0.0191396 0.448699 0.038257 0.0970005
0 0.718586 0.270678 0.101628 0.0913001
0 0.497073 0.124623 0.065592 0.0637535
0 0.872251 0.773346 0.0817143 0.0656921
0 0.757519 0.451023 0.0798828 0.0751754
0 0.614173 0.117832 0.12521 0.129016
0 0.00803195 0.527425 0.0159358 0.102754
