0 0.0723812 0.271594 0.127148 0.121847
0 0.119281 0.691691 0.119301 0.124233
0 0.752168 0.544606 0.119163 0.117172
0 0.0423902 0.110352 0.0841828 0.118438
0 0.11247 0.142219 0.115594 0.123581
0 0.429567 0.946573 0.111579 0.106853
0 0.305991 0.108046 0.110446 0.112871
0 0.058013 0.844653 0.113846 0.12257
0 0.827048 0.125317 0.116676 0.122424
0 0.226255 0.156913 0.105636 0.120882
0 0.464112 0.64505 0.111537 0.11221
0 0.0658609 0.654139 0.128921 0.119054
0 0.384075 0.736152 0.13414 0.123476
0 0.048237 0.5732 0.0964273 0.108118
0 0.147241 0.950617 0.0947306 0.0878749
0 0.722934 0.32397 0.0576346 0.0603554
0 0.0293017 0.453465 0.0584512 0.099488
0 0.765333 0.201162 0.0567307 0.0498812
0 0.311453 0.864248 0.101749 0.107717
0 0.761795 0.894684 0.0555702 0.054171
0 0.921974 0.107037 0.143448 0.14967
