0 0.2734 0.45885 0.118244 0.112328
0 0.0413028 0.303957 0.0821504 0.121003
0 0.813405 0.473375 0.11686 0.102175
0 0.298003 0.559445 0.125005 0.114924
0 0.669889 0.105104 0.101871 0.0995134
0 0.32621 0.896022 0.110766 0.111158
0 0.18272 0.42628 0.0909221 0.0898148
0 0.386527 0.941509 0.0831423 0.0799705
0 0.267059 0.143314 0.0964946 0.0920901
0 0.628531 0.161558 0.114034 0.09538
0 0.285545 0.682512 0.111299 0.101231
0 0.0748593 0.0542817 0.120994 0.106042
0 0.579353 0.611521 0.115962 0.097756
0 0.0540344 0.395916 0.0851453 0.094418
0 0.180348 0.581236 0.0893155 0.108002
0 0.317946 0.322226 0.104538 0.100568
0 0.213091 0.78993 0.0914072 0.101794
0 0.182392 0.360052 0.0970189 0.0735562
0 0.466383 0.281411 0.0838027 0.0887054
0 0.286596 0.211816 0.112533 0.104561
0 0.017349 0.404948 0.0345483 0.119819
0 0.290395 0.789235 0.0998448 0.0964448
0 0.4495 0.037468 0.117094 0.0747117
0 0.0156154 0.535516 0.0308243 0.120403
0 0.17221 0.307903 0.0922439 0.09015
0 0.178217 0.342525 0.0959452 0.0945426
0 0.159625 0.199705 0.0990133 0.0877928
0 0.221517 0.493295 0.0815286 0.0744913
0 0.141847 0.990877 0.125361 0.0182462
