0 0.136157 0.870483 0.135751 0.131009
0 0.77887 0.717763 0.124477 0.114622
0 0.354543 0.460896 0.127691 0.120701
0 0.580369 0.268582 0.12229 0.125759
0 0.694077 0.765697 0.10422 0.104315
0 0.240816 0.446169 0.109072 0.101886
0 0.0894542 0.08669 0.129797 0.129398
0 0.224111 0.088426 0.126125 0.130792
0 0.0320762 0.482614 0.0637555 0.116444
0 0.94855 0.78953 0.101157 0.0960897
0 0.969303 0.703199 0.0611995 0.0955771
0 0.393756 0.598219 0.119276 0.120978
0 0.202772 0.541677 0.110438 0.0926397
0 0.283048 0.395212 0.089271 0.0801985
0 0.455452 0.227705 0.133397 0.152556
0 0.586809 0.114972 0.0708906 0.0676173
