0 0.747311 0.823473 0.13152 0.138197
0 0.18498 0.355556 0.128839 0.121884
0 0.194379 0.824503 0.114219 0.115712
0 0.424557 0.96125 0.122301 0.0773445
0 0.635222 0.24269 0.12858 0.120838
0 0.418903 0.625777 0.109884 0.103587
0 0.325742 0.0529849 0.125032 0.10581
0 0.243003 0.90425 0.102159 0.0924476
0 0.0522069 0.397761 0.104414 0.1123
0 0.2532 0.290651 0.0994696 0.0895026
0 0.450789 0.888717 0.0994831 0.0921801
0 0.353724 0.270233 0.10334 0.098603
0 0.88417 0.976295 0.140472 0.0472553
0 0.978161 0.706954 0.0433087 0.110145
0 0.474129 0.780626 0.0720234 0.0622964
0 0.506377 0.306807 0.106587 0.102529
0 0.303384 0.648862 0.0894594 0.0844012
0 0.653732 0.157678 0.10492 0.0906711
0 0.417534 0.799703 0.0755516 0.0767237
0 0.107441 0.6007 0.0871419 0.0925583
0 0.373347 0.494225 0.0987288 0.0868255
0 0.287405 0.695398 0.0744921 0.0665098
0 0.144163 0.893216 0.0768467 0.063855
