0 0.447741 0.0473452 0.123912 0.093871
0 0.578374 0.477378 0.122243 0.119757
0 0.866556 0.149746 0.120989 0.119613
0 0.610327 0.270779 0.0846826 0.0823773
0 0.541297 0.542183 0.108582 0.103729
0 0.854913 0.579388 0.101651 0.0950183
0 0.286745 0.138857 0.100734 0.0998337
0 0.587809 0.783846 0.0854059 0.0833942
0 0.164052 0.802081 0.104393 0.113518
0 0.231152 0.976624 0.0970254 0.0467514
0 0.887372 0.528481 0.065168 0.0606487
0 0.0369432 0.57779 0.0736978 0.110232
0 0.417036 0.889814 0.097961 0.100365
0 0.941336 0.394849 0.0880541 0.0871573
0 0.344079 0.882242 0.0871871 0.0801636
0 0.516456 0.950923 0.0809979 0.0855022
0 0.513209 0.815277 0.0404424 0.0440722
0 0.517644 0.374625 0.0572357 0.0430334
0 0.607552 0.00981254 0.1135 0.0196251
0 0.413121 0.408471 0.0828064 0.0791724
0 0.575309 0.85006 0.0412332 0.0330458
0 0.860785 0.630866 0.0907612 0.0659477
