0 0.772467 0.434672 0.0546864 0.0517712
0 0.608426 0.310897 0.0547056 0.0457634
0 0.645712 0.270987 0.0456822 0.0441904
0 0.045276 0.80363 0.0417292 0.0402428
0 0.125657 0.581398 0.0552881 0.0491359
0 0.604867 0.272658 0.0470644 0.0462161
0 0.269859 0.392833 0.052529 0.0571952
0 0.396933 0.357059 0.0769379 0.091134
0 0.188968 0.506598 0.0492185 0.0401274
0 0.0733126 0.0502907 0.0585902 0.053196
0 0.0948636 0.158862 0.0513668 0.0415423
0 0.117962 0.8995 0.0406699 0.0370115
0 0.362367 0.800775 0.0373915 0.0399269
0 0.232438 0.690294 0.0469738 0.0441225
0 0.0221354 0.572681 0.0403374 0.0366431
