0 0.35388 0.370499 0.15162 0.129968
0 0.109185 0.127654 0.139106 0.135162
0 0.860037 0.152691 0.103047 0.0990766
0 0.429416 0.950791 0.112913 0.0979868
0 0.857638 0.246487 0.111076 0.100831
0 0.593204 0.0602484 0.109136 0.118212
0 0.732496 0.209791 0.111598 0.108749
0 0.795307 0.188784 0.0989113 0.100808
0 0.697145 0.0908648 0.0962216 0.0910681
0 0.942051 0.300516 0.0889385 0.0943507
0 0.734348 0.0213639 0.0994042 0.0427278
0 0.341022 0.460699 0.0832965 0.0920788
0 0.583575 0.978299 0.105375 0.0434009
