0 0.43178 0.799298 0.108217 0.106331
0 0.499008 0.931074 0.118557 0.120211
0 0.51338 0.64991 0.0922212 0.0835205
0 0.144614 0.965123 0.0764017 0.0697546
0 0.945537 0.948296 0.10767 0.103408
0 0.890707 0.303398 0.099987 0.0950147
0 0.885907 0.223319 0.0858107 0.0800536
0 0.0533364 0.337435 0.106571 0.124438
0 0.1504 0.354901 0.0971921 0.102892
0 0.608722 0.537078 0.0539892 0.0517694
0 0.681773 0.973566 0.105155 0.0527203
0 0.128708 0.278058 0.0903094 0.0867846
0 0.46464 0.625476 0.0635454 0.0657029
0 0.507885 0.600856 0.0696299 0.0496036
0 0.71831 0.904224 0.0993333 0.10284
0 0.834587 0.224422 0.0531275 0.070285
0 0.490305 0.345656 0.0536842 0.05156
0 0.689637 0.839688 0.0823255 0.0583763
0 0.236491 0.87183 0.0452821 0.0453978
0 0.624089 0.29681 0.0491446 0.0549203
0 0.0835166 0.940024 0.109705 0.0915945
0 0.331792 0.314469 0.0653623 0.0665483
0 0.0329485 0.988598 0.065897 0.0228033
0 0.569679 0.456791 0.0333877 0.033757
0 0.617917 0.651889 0.0534676 0.0533454
