0 0.820109 0.867104 0.161029 0.140634
0 0.527961 0.640095 0.15099 0.141802
0 0.14353 0.176258 0.119434 0.105942
0 0.391607 0.321832 0.11208 0.106532
0 0.0542724 0.947308 0.108263 0.104579
0 0.501557 0.1084 0.129582 0.121211
0 0.159562 0.100054 0.11162 0.0953389
0 0.909527 0.875332 0.110774 0.127453
0 0.738528 0.925442 0.104689 0.0961082
0 0.302115 0.826143 0.10826 0.104217
0 0.390582 0.147362 0.10001 0.0880848
0 0.373408 0.771559 0.104157 0.111903
0 0.341064 0.912697 0.106296 0.093751
0 0.797086 0.770315 0.0986172 0.093223
0 0.296788 0.0202343 0.123874 0.040346
0 0.882084 0.75404 0.106303 0.117169
0 0.576764 0.196597 0.112293 0.0986959
0 0.711097 0.984066 0.122353 0.0318685
0 0.323758 0.218321 0.0883062 0.0747313
