0 0.587461 0.955 0.124843 0.0899999
0 0.686807 0.958006 0.0991081 0.0839887
0 0.467743 0.678678 0.0999992 0.0895897
0 0.485329 0.602886 0.0977602 0.0859661
0 0.156274 0.151741 0.10372 0.118113
0 0.0277015 0.923332 0.0549152 0.0683334
0 0.0391093 0.875048 0.0556755 0.0533673
0 0.843271 0.634002 0.0953572 0.0853811
0 0.288229 0.967538 0.0934392 0.0649248
0 0.0761874 0.772582 0.0666687 0.0699634
0 0.951709 0.631019 0.092745 0.100832
0 0.0324286 0.392053 0.064622 0.0881381
0 0.749652 0.196934 0.0857424 0.0877945
0 0.285485 0.148586 0.0852431 0.10092
0 0.766549 0.975257 0.0931556 0.049486
0 0.606267 0.0998223 0.0804377 0.0887718
0 0.688578 0.562828 0.0416136 0.041105
0 0.230522 0.730087 0.0779184 0.0743513
