0 0.676492 0.702322 0.111744 0.105433
0 0.0960549 0.691513 0.103255 0.0996428
0 0.767164 0.578181 0.0896017 0.0754578
0 0.169969 0.814709 0.103402 0.0984169
0 0.0255393 0.138692 0.0510786 0.0905189
0 0.751474 0.952327 0.122919 0.0942976
0 0.173018 0.950288 0.109741 0.0993233
0 0.834715 0.537719 0.109946 0.0926746
0 0.659328 0.323995 0.0940175 0.0945919
0 0.825622 0.870198 0.104617 0.112206
0 0.838689 0.0315713 0.0843843 0.0631425
0 0.68057 0.569353 0.116744 0.11321
0 0.385559 0.487795 0.100455 0.0916979
0 0.911194 0.608871 0.0903389 0.0726414
0 0.975838 0.0308355 0.0473793 0.0540688
0 0.761195 0.702961 0.0695254 0.0662801
0 0.96076 0.553274 0.0784809 0.125019
