0 0.377951 0.249098 0.122264 0.117229
0 0.20988 0.104973 0.14307 0.122349
0 0.252239 0.811307 0.118615 0.112428
0 0.496545 0.382784 0.129848 0.10725
0 0.925661 0.955208 0.132234 0.0885196
0 0.122333 0.351434 0.117588 0.112225
0 0.220631 0.219368 0.132125 0.120104
0 0.326447 0.282209 0.112983 0.107111
0 0.213966 0.915832 0.114457 0.103875
0 0.77097 0.368072 0.0946668 0.100132
0 0.595256 0.204356 0.103135 0.102853
0 0.534449 0.282296 0.139228 0.127286
0 0.552143 0.0196285 0.140169 0.0392571
0 0.169466 0.840271 0.107583 0.0892704
0 0.701271 0.0201176 0.113764 0.0402239
0 0.216839 0.959194 0.0994582 0.0573685
