0 0.10435 0.662211 0.124338 0.112095
0 0.543402 0.205741 0.12241 0.115074
0 0.552234 0.0893972 0.135671 0.11687
0 0.193918 0.706341 0.138717 0.136878
0 0.0587547 0.481204 0.116981 0.115106
0 0.422446 0.102664 0.110055 0.101704
0 0.28211 0.963173 0.150145 0.073654
0 0.443592 0.859729 0.112468 0.102796
0 0.186484 0.506449 0.123094 0.131931
0 0.173914 0.0603773 0.113703 0.102772
0 0.0552448 0.846282 0.096595 0.08111
0 0.65623 0.756258 0.166692 0.172655
0 0.95208 0.0984269 0.0956559 0.154396
0 0.477816 0.405467 0.12717 0.130557
0 0.293116 0.487718 0.104416 0.113566
0 0.429573 0.769618 0.131727 0.116064
0 0.152503 0.158919 0.104681 0.0975242
