0 0.777193 0.595361 0.127271 0.115685
0 0.649578 0.783764 0.123736 0.123001
0 0.430245 0.512764 0.131321 0.127953
0 0.554647 0.870645 0.115042 0.102617
0 0.900378 0.804601 0.11586 0.122036
0 0.613901 0.124135 0.108758 0.107119
0 0.8584 0.536779 0.0836193 0.0834549
0 0.93803 0.511194 0.0985107 0.0965521
0 0.332477 0.357289 0.111339 0.111732
0 0.0450928 0.538143 0.0901856 0.120996
0 0.737577 0.846414 0.104372 0.101921
0 0.882954 0.936339 0.107973 0.093932
0 0.168596 0.18502 0.110796 0.0919945
0 0.291647 0.157963 0.114834 0.103187
0 0.912684 0.349826 0.115301 0.116199
0 0.838531 0.663434 0.0783798 0.0826885
0 0.0536308 0.646874 0.0780774 0.0729758
0 0.134551 0.868912 0.118478 0.124148
0 0.259632 0.96787 0.0919086 0.064261
0 0.462257 0.417648 0.0737286 0.0800367
0 0.685701 0.215334 0.0761843 0.0912704
0 0.749958 0.948931 0.0717348 0.0795323
