0 0.362313 0.631512 0.128322 0.118055
0 0.330258 0.953181 0.115059 0.0936386
0 0.68559 0.584329 0.157455 0.146562
0 0.244766 0.225896 0.141454 0.131713
0 0.816811 0.783279 0.149092 0.132275
0 0.767378 0.928211 0.118131 0.119244
0 0.316974 0.157906 0.118223 0.112856
0 0.920683 0.225236 0.121768 0.107281
0 0.916218 0.369381 0.148032 0.122481
0 0.943107 0.616134 0.113787 0.114168
0 0.681069 0.47438 0.148138 0.123178
0 0.162812 0.617962 0.0947032 0.0868297
0 0.652113 0.876848 0.10815 0.113427
0 0.0799695 0.799441 0.116219 0.120578
0 0.318227 0.490059 0.0965939 0.104227
0 0.162133 0.561913 0.0954813 0.065725
0 0.880712 0.697778 0.124318 0.0974174
0 0.976931 0.517784 0.0461381 0.0868844
0 0.0871002 0.757769 0.105927 0.0574322
0 0.254004 0.276281 0.120904 0.0815545
