0 0.274435 0.333788 0.155531 0.131135
0 0.044893 0.494467 0.089786 0.11111
0 0.106769 0.625341 0.0961292 0.0925682
0 0.236592 0.68216 0.135385 0.128641
0 0.736064 0.897002 0.116677 0.102227
0 0.542691 0.281339 0.135607 0.112918
0 0.806815 0.944539 0.103361 0.100045
0 0.927315 0.374372 0.107111 0.113522
0 0.439744 0.725928 0.119424 0.116727
0 0.725547 0.972696 0.136686 0.0546089
0 0.487248 0.682464 0.112097 0.0997511
0 0.353604 0.450388 0.114413 0.107814
0 0.288796 0.528515 0.112221 0.093079
0 0.674006 0.24298 0.105206 0.106111
0 0.0396468 0.554777 0.078864 0.0746401
0 0.0355033 0.963274 0.0706076 0.0734529
