0 0.846309 0.656108 0.135708 0.114405
0 0.839215 0.76183 0.128909 0.123713
0 0.345966 0.337984 0.113585 0.109096
0 0.91761 0.70416 0.1077 0.10794
0 0.815866 0.335767 0.110793 0.0980596
0 0.178851 0.21422 0.094837 0.10303
0 0.0659038 0.544371 0.0992399 0.102251
0 0.0584531 0.692648 0.0940413 0.0891821
0 0.593177 0.555689 0.0969283 0.100935
0 0.659133 0.952344 0.110173 0.0928425
0 0.332603 0.874066 0.0518583 0.0496164
0 0.82636 0.279973 0.113244 0.0766017
0 0.765292 0.684002 0.0842496 0.109414
0 0.819557 0.982405 0.0971905 0.0351894
0 0.309068 0.737274 0.0515921 0.0555776
0 0.393776 0.787801 0.0476853 0.0524326
0 0.151143 0.819525 0.0461619 0.0447908
0 0.371357 0.55893 0.0706844 0.0812052
0 0.164644 0.856795 0.0503278 0.054565
0 0.915698 0.847881 0.0408313 0.0430954
