0 0.546368 0.0590681 0.141825 0.118136
0 0.815092 0.0559291 0.122329 0.111825
0 0.370983 0.8191 0.0772821 0.0753809
0 0.425242 0.852785 0.0884157 0.0809982
0 0.0707316 0.691273 0.0984306 0.0969246
0 0.0476182 0.305872 0.0931147 0.0938199
0 0.0749473 0.867385 0.0930058 0.0965092
0 0.0757035 0.373296 0.0837552 0.0776948
0 0.485282 0.927699 0.0561194 0.0555294
0 0.0556761 0.59881 0.101278 0.0961706
0 0.921418 0.308263 0.09953 0.0895515
0 0.423742 0.794534 0.0712619 0.0652149
0 0.104058 0.947889 0.0669054 0.0824401
0 0.196834 0.0586255 0.0728554 0.0711472
0 0.0226639 0.884298 0.0453279 0.0999096
0 0.281489 0.794128 0.0490457 0.0489408
0 0.606114 0.960911 0.0979807 0.0781783
0 0.136626 0.0252003 0.0718714 0.0504007
0 0.013005 0.662013 0.0260101 0.112914
0 0.832027 0.177187 0.0615025 0.0607364
0 0.71206 0.0383442 0.0791616 0.0762411
0 0.520535 0.336949 0.055602 0.0506453
0 0.907612 0.14393 0.0599205 0.0630977
0 0.811992 0.430956 0.0798976 0.0706701
0 0.396782 0.205919 0.0975727 0.0779606
0 0.826978 0.486608 0.0647217 0.0767106
0 0.325499 0.423539 0.0486515 0.0399533
