0 0.944334 0.447585 0.111333 0.116594
0 0.239272 0.367062 0.0964964 0.0993156
0 0.322772 0.834804 0.10263 0.109876
0 0.144036 0.0267965 0.0994302 0.0530441
0 0.529548 0.753229 0.090996 0.0896284
0 0.449713 0.414564 0.0853235 0.0856997
0 0.408302 0.36267 0.0943309 0.0875448
0 0.418601 0.500967 0.0929875 0.0765451
0 0.212474 0.899756 0.110736 0.119506
0 0.960829 0.550559 0.0783413 0.102902
0 0.171887 0.360538 0.0715846 0.0848136
0 0.049004 0.932329 0.0963024 0.0923477
0 0.347151 0.106918 0.0678212 0.0637412
0 0.318992 0.962998 0.105306 0.0740037
0 0.815315 0.86581 0.0915248 0.109309
