0 0.94708 0.893003 0.105422 0.147195
0 0.829185 0.857022 0.164045 0.16314
0 0.44669 0.314443 0.140394 0.136126
0 0.316662 0.796694 0.159165 0.140689
0 0.395219 0.424137 0.142786 0.138616
0 0.711193 0.590714 0.132684 0.134251
0 0.50533 0.946329 0.106596 0.100415
0 0.632696 0.23848 0.131359 0.132211
0 0.59619 0.576398 0.128823 0.150826
0 0.436824 0.655269 0.118686 0.105498
0 0.175826 0.392143 0.0993224 0.103026
0 0.244208 0.555323 0.122971 0.127724
0 0.329996 0.0220209 0.13016 0.0440419
0 0.223427 0.0245388 0.122676 0.0485354
0 0.953489 0.559769 0.0925192 0.120704
0 0.941975 0.447951 0.11605 0.142657
