0 0.458459 0.144216 0.120952 0.118097
0 0.282296 0.936073 0.131531 0.115508
0 0.063745 0.467323 0.12749 0.160195
0 0.546766 0.0921779 0.126744 0.111503
0 0.385711 0.0457412 0.10264 0.0914824
0 0.175254 0.452155 0.125886 0.147884
0 0.319132 0.0604081 0.0953145 0.0970311
0 0.24843 0.905272 0.111315 0.0945015
0 0.575397 0.134923 0.104887 0.0933632
0 0.17948 0.020979 0.093916 0.0419053
0 0.218086 0.245556 0.0764203 0.0782365
0 0.0747752 0.374382 0.107311 0.0807025
0 0.487139 0.0398929 0.0903663 0.0785413
