0 0.334805 0.0514776 0.119977 0.10237
0 0.406666 0.288822 0.127103 0.115708
0 0.446821 0.0515383 0.105023 0.0977431
0 0.952774 0.242322 0.0944519 0.114999
0 0.344489 0.404487 0.122186 0.11018
0 0.230791 0.32299 0.155299 0.133929
0 0.238405 0.44458 0.120103 0.110282
0 0.536591 0.0523823 0.0949093 0.102135
0 0.0579087 0.0670096 0.115656 0.11616
0 0.498802 0.690307 0.0902954 0.0950323
0 0.54619 0.213604 0.0832136 0.0774193
0 0.439394 0.610523 0.079471 0.0756583
0 0.347573 0.500843 0.0952211 0.088193
0 0.553793 0.324435 0.0910301 0.0916508
0 0.615717 0.762841 0.0894203 0.0724424
0 0.482194 0.125154 0.131317 0.0808749
0 0.975486 0.31938 0.0488876 0.107986
0 0.349987 0.545354 0.080587 0.0506781
0 0.503425 0.129652 0.0848085 0.0727396
