0 0.955452 0.459 0.0890518 0.115533
0 0.808209 0.433477 0.107269 0.0976341
0 0.507429 0.533686 0.125394 0.106187
0 0.724959 0.669486 0.115473 0.113081
0 0.776068 0.816595 0.116361 0.12054
0 0.737996 0.439362 0.0885723 0.0973029
0 0.161698 0.28774 0.085706 0.0865333
0 0.900702 0.683337 0.0871441 0.0968451
0 0.705384 0.0370728 0.096058 0.0732873
0 0.770706 0.305506 0.107983 0.0946148
0 0.308826 0.732836 0.123681 0.113125
0 0.848589 0.63444 0.0792845 0.0835175
0 0.641816 0.00934033 0.114692 0.0186807
0 0.334547 0.929247 0.0891047 0.0931129
0 0.309431 0.0264804 0.0921236 0.0529455
