0 0.375373 0.44443 0.151066 0.138749
0 0.653162 0.894345 0.121613 0.115447
0 0.955159 0.155911 0.0895661 0.11842
0 0.0617164 0.095746 0.123106 0.134248
0 0.33852 0.704648 0.121006 0.0979126
0 0.516273 0.945197 0.119855 0.109606
0 0.268943 0.949741 0.0977761 0.0870684
0 0.320298 0.543405 0.120141 0.10741
0 0.201117 0.978819 0.133257 0.0423622
0 0.674371 0.810478 0.106048 0.093811
0 0.584734 0.525442 0.0648306 0.0717856
0 0.0151823 0.285524 0.0301476 0.103615
0 0.379272 0.934997 0.10222 0.0939354
0 0.0421487 0.332321 0.0825396 0.075087
