0 0.568929 0.641447 0.143186 0.131405
0 0.752253 0.0890309 0.106999 0.106554
0 0.730845 0.533925 0.147946 0.143587
0 0.809391 0.964638 0.131967 0.0707241
0 0.0532863 0.0513721 0.106573 0.102547
0 0.524808 0.891764 0.122889 0.12718
0 0.45875 0.919187 0.102111 0.116137
0 0.635713 0.75568 0.124526 0.121967
0 0.368151 0.0491592 0.103235 0.096424
0 0.368075 0.142766 0.108613 0.106715
0 0.505414 0.548326 0.108634 0.101098
0 0.270526 0.863852 0.100371 0.106319
0 0.201304 0.857567 0.0997156 0.0970852
0 0.0354432 0.142288 0.0702149 0.09761
0 0.049808 0.143173 0.0996161 0.0998112
