0 0.647617 0.629744 0.160601 0.133745
0 0.69857 0.508365 0.143394 0.128013
0 0.660029 0.946218 0.197726 0.107564
0 0.61697 0.358448 0.132528 0.138051
0 0.70003 0.208528 0.127004 0.115463
0 0.872043 0.0386661 0.11822 0.0771348
0 0.497883 0.333507 0.129605 0.121441
0 0.630825 0.0535132 0.133157 0.107026
0 0.933192 0.0174042 0.13315 0.0348085
0 0.935633 0.209163 0.0965812 0.101608
0 0.607003 0.0569331 0.182905 0.11375
0 0.315166 0.00839871 0.127037 0.0167974
0 0.823184 0.665009 0.12976 0.110253
0 0.686475 0.307737 0.109411 0.10499
