0 0.213416 0.351147 0.119954 0.124898
0 0.509974 0.839173 0.131475 0.130552
0 0.118342 0.112231 0.142859 0.123121
0 0.717151 0.72023 0.115173 0.109968
0 0.168121 0.268333 0.147933 0.109516
0 0.524124 0.448012 0.121242 0.127264
0 0.112978 0.33348 0.0923329 0.0926838
0 0.510618 0.702953 0.126624 0.125123
0 0.692505 0.815127 0.11473 0.0993046
0 0.0375364 0.971906 0.0746859 0.0551109
0 0.138449 0.186589 0.103113 0.080666
0 0.118331 0.682377 0.0584392 0.0559923
0 0.581664 0.251007 0.086118 0.0898743
0 0.931627 0.0978085 0.0595537 0.0585969
0 0.0214642 0.0988296 0.0425807 0.0939828
0 0.413975 0.280752 0.0899999 0.085091
