0 0.230129 0.496757 0.110286 0.116156
0 0.651948 0.95284 0.101525 0.0943205
0 0.317145 0.406688 0.126345 0.106019
0 0.313964 0.512891 0.128342 0.125123
0 0.71905 0.431192 0.10147 0.105508
0 0.673411 0.366178 0.116195 0.109255
0 0.469459 0.125151 0.0986831 0.0889127
0 0.622208 0.892703 0.106663 0.10221
0 0.960661 0.93016 0.0784573 0.105522
0 0.578015 0.516533 0.111951 0.111011
0 0.438044 0.057765 0.108951 0.100558
0 0.178176 0.515759 0.0991188 0.107621
0 0.834316 0.855168 0.054454 0.0523083
0 0.932992 0.0236084 0.0904583 0.0470917
0 0.16245 0.986382 0.108288 0.0271332
0 0.0232775 0.937992 0.0462423 0.0726253
0 0.963214 0.975832 0.0735729 0.0483086
0 0.826991 0.929039 0.0444885 0.0409797
0 0.420678 0.00886584 0.11636 0.0177317
0 0.0798992 0.741753 0.0345908 0.0432733
0 0.0187589 0.981969 0.0375178 0.0353702
