0 0.680239 0.0596377 0.122586 0.118823
0 0.228826 0.11587 0.164799 0.149142
0 0.614351 0.799813 0.132894 0.132311
0 0.805652 0.297134 0.111333 0.10743
0 0.152662 0.950458 0.142031 0.0983078
0 0.268177 0.950684 0.0957081 0.0964933
0 0.870761 0.353815 0.109412 0.110563
0 0.74965 0.819931 0.140898 0.116934
0 0.272711 0.799376 0.118895 0.104433
0 0.88461 0.584293 0.0991817 0.099481
0 0.937666 0.275896 0.104111 0.101424
0 0.468619 0.0256511 0.118349 0.0513022
0 0.847773 0.695645 0.118505 0.116726
0 0.685895 0.713484 0.118945 0.121868
0 0.746164 0.0379604 0.0959247 0.0759208
