0 0.912826 0.549905 0.164257 0.145346
0 0.310852 0.169562 0.145922 0.130702
0 0.396555 0.764703 0.123155 0.114024
0 0.327466 0.652464 0.161632 0.140417
0 0.47875 0.48983 0.123429 0.123117
0 0.566738 0.423311 0.133794 0.130241
0 0.699598 0.91318 0.145099 0.108027
0 0.354439 0.470333 0.12246 0.117187
0 0.480075 0.798367 0.0982992 0.0998046
0 0.354731 0.32982 0.126055 0.122407
0 0.76131 0.660841 0.105573 0.106705
0 0.969256 0.046816 0.0614883 0.0926559
0 0.610936 0.736233 0.113722 0.104599
0 0.765668 0.758099 0.101616 0.0994692
0 0.295038 0.734784 0.104659 0.0944464
0 0.263584 0.502405 0.0977962 0.0948715
0 0.452329 0.605172 0.11338 0.115897
0 0.521919 0.0141165 0.126697 0.028233
0 0.0239504 0.422016 0.0479007 0.101147
