0 0.7234 0.302944 0.141892 0.137103
0 0.41389 0.859916 0.145175 0.132685
0 0.178475 0.120076 0.11666 0.114784
0 0.264209 0.0977639 0.123189 0.116885
0 0.69856 0.0508216 0.103254 0.100223
0 0.375602 0.295646 0.128825 0.115226
0 0.456818 0.236518 0.105602 0.106445
0 0.500014 0.393977 0.0913869 0.079865
0 0.287272 0.17237 0.112581 0.105127
0 0.0981091 0.711482 0.134325 0.138417
0 0.967794 0.574338 0.0640654 0.110832
0 0.341981 0.879488 0.0927381 0.111773
0 0.0279939 0.838208 0.0559878 0.140081
0 0.100344 0.516129 0.108752 0.0971912
0 0.0334324 0.768178 0.0665465 0.0967255
