0 0.959756 0.0979115 0.080119 0.12564
0 0.153061 0.3573 0.126135 0.110801
0 0.841685 0.0376261 0.122033 0.0752522
0 0.596917 0.304978 0.10308 0.0985925
0 0.175883 0.207791 0.120613 0.126402
0 0.207353 0.744542 0.133996 0.106188
0 0.268489 0.184028 0.109014 0.100979
0 0.831282 0.911031 0.117692 0.102998
0 0.263856 0.460588 0.111438 0.11444
0 0.949034 0.943882 0.0986176 0.111435
0 0.158383 0.925441 0.0780578 0.0790753
0 0.972223 0.0201445 0.0549589 0.0402891
0 0.241842 0.568743 0.117088 0.110483
0 0.0213834 0.424525 0.0424577 0.163731
0 0.837251 0.37139 0.102903 0.102277
0 0.906702 0.225847 0.0859959 0.0804551
0 0.0148227 0.429593 0.0296195 0.178912
0 0.891331 0.324309 0.109407 0.105809
