0 0.492364 0.691924 0.152582 0.144852
0 0.903144 0.950606 0.176848 0.0980787
0 0.914043 0.0736618 0.116243 0.106862
0 0.062396 0.76287 0.115936 0.111342
0 0.16622 0.193786 0.118331 0.102189
0 0.169436 0.0786621 0.107417 0.107677
0 0.0260699 0.817333 0.0521398 0.117929
0 0.182408 0.449105 0.110665 0.118161
0 0.309709 0.150912 0.13043 0.102846
0 0.953725 0.236266 0.0919781 0.0981332
0 0.27462 0.505547 0.117029 0.0952012
0 0.0244246 0.896774 0.0482136 0.0941927
0 0.951122 0.0268881 0.0972112 0.0537552
0 0.554622 0.805416 0.176602 0.139602
0 0.299676 0.403222 0.115616 0.121995
0 0.980706 0.745633 0.0381634 0.116357
0 0.519444 0.592006 0.0865885 0.0825703
