0 0.949594 0.581681 0.100812 0.146488
0 0.875941 0.366931 0.0957103 0.101548
0 0.249678 0.617778 0.118944 0.105594
0 0.93555 0.270116 0.119922 0.115102
0 0.938086 0.4832 0.10188 0.0990951
0 0.960999 0.160081 0.0744197 0.0758227
0 0.194071 0.541406 0.107225 0.100333
0 0.738927 0.33239 0.115687 0.115212
0 0.489666 0.844114 0.122943 0.105786
0 0.812525 0.909795 0.0622034 0.0588768
0 0.87905 0.167201 0.0840939 0.086756
0 0.727506 0.627922 0.0526241 0.0514989
0 0.467282 0.857432 0.0765631 0.0754728
0 0.294612 0.95464 0.093466 0.0888241
0 0.18922 0.970269 0.0853572 0.0593354
0 0.506449 0.832816 0.0911879 0.0808139
