0 0.403978 0.732512 0.133484 0.1309
0 0.611758 0.863903 0.158113 0.147557
0 0.176064 0.830939 0.162492 0.15523
0 0.0477264 0.512976 0.0954529 0.117756
0 0.6684 0.205698 0.104383 0.104219
0 0.898755 0.448645 0.100603 0.100105
0 0.954072 0.211713 0.091855 0.116419
0 0.849043 0.159266 0.106054 0.090702
0 0.107884 0.924314 0.160233 0.129682
0 0.293492 0.719364 0.108049 0.109695
0 0.791108 0.948529 0.168152 0.102943
0 0.367924 0.602163 0.121431 0.114018
0 0.866474 0.250099 0.107672 0.103828
0 0.0647075 0.715381 0.110931 0.111519
0 0.44802 0.97355 0.155399 0.0529009
0 0.0469038 0.967432 0.0931558 0.0650562
0 0.759682 0.427134 0.0969071 0.0949337
0 0.276994 0.951645 0.121988 0.0964527
0 0.758766 0.217832 0.0836124 0.0874323
0 0.909695 0.351816 0.101627 0.104522
