0 0.741794 0.890615 0.107143 0.111496
0 0.816791 0.541429 0.143198 0.133448
0 0.729164 0.613654 0.148261 0.135309
0 0.872004 0.741731 0.137954 0.118718
0 0.0709885 0.320192 0.119866 0.119259
0 0.169653 0.923532 0.0847171 0.0813684
0 0.325248 0.6486 0.0970644 0.0934342
0 0.0505737 0.697044 0.100709 0.0964321
0 0.418567 0.407331 0.119062 0.115787
0 0.280385 0.666298 0.0996154 0.0997536
0 0.623446 0.862334 0.106923 0.0935444
0 0.106522 0.643016 0.106678 0.0938312
0 0.530889 0.858011 0.0911091 0.0787159
0 0.325331 0.917335 0.0432528 0.0310501
