0 0.787934 0.376784 0.128363 0.115906
0 0.757932 0.286289 0.114294 0.1018
0 0.833034 0.521536 0.0884781 0.0974348
0 0.340134 0.26574 0.0714716 0.0719303
0 0.867398 0.284608 0.100788 0.0959581
0 0.339544 0.0789082 0.0859876 0.0810356
0 0.261243 0.215413 0.0886156 0.0877948
0 0.964736 0.36099 0.0699886 0.102964
0 0.149276 0.563795 0.0944536 0.0965102
0 0.26836 0.28485 0.0851346 0.0784895
0 0.222532 0.955998 0.102394 0.0874897
0 0.306847 0.956698 0.0971934 0.0866039
0 0.31709 0.526967 0.0747997 0.0659502
0 0.643231 0.835719 0.0796111 0.0756977
0 0.39986 0.241649 0.0891909 0.0835595
0 0.777754 0.777126 0.0896366 0.0775222
0 0.370479 0.61512 0.0716384 0.0700426
0 0.0419628 0.477001 0.0494127 0.0475091
0 0.760328 0.434421 0.0912525 0.0842399
0 0.150871 0.831812 0.0747058 0.0693028
0 0.117077 0.0297595 0.0755366 0.0592453
0 0.646793 0.155818 0.0803873 0.0677574
0 0.592946 0.255217 0.0568239 0.0504101
0 0.68791 0.988571 0.123302 0.0228575
0 0.140118 0.217229 0.0353734 0.0380664
0 0.076307 0.776902 0.0665085 0.0662573
0 0.0718884 0.195957 0.0462097 0.0520386
0 0.500562 0.741754 0.0620863 0.0469558
0 0.36612 0.673261 0.0581487 0.0661553
0 0.489118 0.70434 0.0637076 0.0583965
0 0.165388 0.221089 0.0319862 0.0357932
