0 0.379556 0.172196 0.121929 0.111183
0 0.654881 0.182552 0.140286 0.113529
0 0.689221 0.283786 0.110917 0.111107
0 0.928452 0.0450313 0.0903858 0.0823973
0 0.763221 0.0576027 0.101275 0.0925048
0 0.373758 0.106049 0.118987 0.101584
0 0.114176 0.63659 0.0718647 0.0657337
0 0.369888 0.483535 0.0967412 0.0986653
0 0.85032 0.0384387 0.0842192 0.0752778
0 0.0235756 0.616267 0.0471513 0.121496
0 0.759673 0.977024 0.109445 0.0459512
0 0.4611 0.0961855 0.118824 0.124095
0 0.0403671 0.0724695 0.0807342 0.122756
0 0.962818 0.182521 0.0739521 0.111428
0 0.139793 0.608494 0.0650324 0.0623459
0 0.514522 0.179095 0.0690781 0.0664525
0 0.762134 0.21697 0.09069 0.0831661
0 0.859998 0.990617 0.119871 0.0187663
0 0.955821 0.0252941 0.0681472 0.0501484
