0 0.658946 0.833667 0.118349 0.117063
0 0.86498 0.340622 0.118592 0.109692
0 0.467856 0.469425 0.136419 0.116327
0 0.423009 0.645089 0.112228 0.11186
0 0.909651 0.601542 0.0910637 0.0899355
0 0.45901 0.5733 0.121611 0.11149
0 0.529748 0.653197 0.117475 0.109908
0 0.675837 0.242907 0.100063 0.0946423
0 0.929794 0.975088 0.119537 0.0494334
0 0.973304 0.621048 0.0533081 0.105522
0 0.597513 0.649729 0.0830278 0.10357
0 0.978304 0.5316 0.0432537 0.0954153
0 0.934592 0.926183 0.101365 0.0776108
0 0.540406 0.772978 0.102754 0.0900902
0 0.0711709 0.115252 0.0946376 0.0925636
0 0.646395 0.753286 0.0797315 0.0708931
0 0.781115 0.842072 0.0677565 0.0733597
0 0.416615 0.957846 0.0872881 0.0837532
0 0.145675 0.24855 0.0847749 0.104777
