0 0.684318 0.88065 0.129632 0.114826
0 0.775704 0.156939 0.111355 0.099493
0 0.803324 0.249236 0.125681 0.108044
0 0.398227 0.320872 0.071274 0.0700002
0 0.37076 0.05957 0.0691364 0.0725422
0 0.184251 0.241463 0.0931844 0.0959115
0 0.846961 0.324638 0.0901299 0.0900985
0 0.246226 0.74589 0.101799 0.0986403
0 0.563201 0.345753 0.0896397 0.087479
0 0.325066 0.735494 0.091553 0.0920248
0 0.184508 0.558425 0.0857087 0.0781008
0 0.300824 0.0747751 0.0851807 0.0733143
0 0.296074 0.0297408 0.0921942 0.0590818
0 0.349397 0.19938 0.0736662 0.0549397
0 0.17725 0.964946 0.0841902 0.0686437
0 0.510486 0.804151 0.0879783 0.08617
0 0.885054 0.16438 0.107684 0.0927717
0 0.687455 0.966485 0.10191 0.0670309
0 0.459961 0.953773 0.0890249 0.0851154
0 0.343113 0.656722 0.105337 0.0920395
0 0.321094 0.119095 0.0464474 0.0414882
0 0.395356 0.369455 0.067883 0.0583112
0 0.267168 0.492085 0.0534955 0.0466727
0 0.0555824 0.977879 0.0751288 0.0442427
0 0.162877 0.10305 0.0560105 0.0563658
0 0.102007 0.443553 0.0511676 0.0493098
0 0.781359 0.540022 0.0708864 0.0777069
0 0.139453 0.348233 0.049054 0.0498641
0 0.512966 0.963882 0.0863888 0.0706619
0 0.348395 0.149213 0.0527919 0.047163
0 0.526203 0.462282 0.052256 0.0531715
0 0.977892 0.384747 0.0442156 0.0614634
0 0.754806 0.894325 0.0537583 0.0866966
0 0.967989 0.274883 0.0636821 0.0886806
0 0.510866 0.654516 0.0546361 0.0490556
0 0.548336 0.581221 0.0486635 0.0475659
0 0.0947532 0.508115 0.0481772 0.0479178
