0 0.586311 0.961407 0.12427 0.0771865
0 0.221757 0.536604 0.110451 0.100598
0 0.358116 0.906737 0.0890241 0.0914692
0 0.639055 0.0352436 0.119185 0.0704872
0 0.368585 0.389912 0.106702 0.103351
0 0.724835 0.961544 0.100026 0.0769115
0 0.228703 0.469607 0.100899 0.0772167
0 0.919571 0.072827 0.0553558 0.0549114
0 0.0567608 0.10491 0.10138 0.0951661
0 0.440629 0.411622 0.0926695 0.0816731
0 0.284201 0.57566 0.0905923 0.0978715
0 0.55302 0.204305 0.120215 0.129861
0 0.113219 0.990508 0.101855 0.0189841
0 0.84821 0.359119 0.0723776 0.0646861
0 0.264643 0.940607 0.0860656 0.083601
0 0.168698 0.408736 0.0832058 0.0898634
0 0.856957 0.361316 0.0540062 0.0577563
