0 0.90359 0.239738 0.102639 0.106534
0 0.631404 0.55057 0.117785 0.117947
0 0.963058 0.256168 0.0737911 0.108988
0 0.289953 0.175861 0.144108 0.132834
0 0.477741 0.329309 0.0973854 0.0930407
0 0.530947 0.905521 0.104141 0.0902858
0 0.947135 0.145101 0.104716 0.0999031
0 0.226585 0.902735 0.0923735 0.090076
0 0.360569 0.660447 0.104038 0.106659
0 0.522431 0.241621 0.0895742 0.0884181
0 0.964298 0.825216 0.0710632 0.147107
0 0.851398 0.948711 0.156961 0.102475
0 0.516999 0.847291 0.088221 0.075749
0 0.474573 0.73191 0.109536 0.113712
0 0.863396 0.48256 0.106707 0.105492
0 0.218803 0.445155 0.130455 0.115124
