0 0.616944 0.281832 0.130755 0.122064
0 0.155141 0.312027 0.109106 0.103294
0 0.607515 0.126439 0.118317 0.117584
0 0.924462 0.968736 0.115335 0.0621437
0 0.943699 0.251221 0.100872 0.0880021
0 0.842924 0.355706 0.109848 0.0971607
0 0.73573 0.418928 0.123129 0.104115
0 0.722289 0.503493 0.0859841 0.0705034
0 0.767039 0.971693 0.11076 0.0562168
0 0.898092 0.419484 0.0853863 0.0784447
0 0.89183 0.264588 0.0664474 0.0811398
0 0.971764 0.31729 0.0564722 0.0845855
0 0.353266 0.328363 0.0855333 0.0943616
0 0.199712 0.356726 0.0690529 0.0778932
0 0.712631 0.58298 0.0848557 0.0782101
