0 0.736611 0.511973 0.1962 0.179109
0 0.210612 0.72216 0.0851489 0.0830685
0 0.767554 0.922319 0.183965 0.152716
0 0.441561 0.741261 0.183901 0.233555
0 0.674239 0.300037 0.0996283 0.0898302
0 0.717163 0.224548 0.0992475 0.0973895
0 0.655774 0.387443 0.112613 0.0989783
0 0.416953 0.875533 0.152339 0.133818
0 0.399165 0.493256 0.0883824 0.0884007
0 0.590458 0.321991 0.081104 0.0911091
0 0.788907 0.631379 0.140141 0.13816
0 0.86464 0.424027 0.123266 0.111192
0 0.369702 0.2494 0.123939 0.115706
0 0.206374 0.140528 0.123763 0.118445
0 0.635451 0.21309 0.0924013 0.104622
0 0.688659 0.636647 0.1144 0.139919
0 0.397774 0.0382455 0.0917718 0.0764911
0 0.521841 0.28667 0.0784642 0.0881019
0 0.389278 0.128753 0.0993944 0.107358
0 0.435506 0.769991 0.163109 0.168896
0 0.329705 0.481661 0.0778883 0.0721979
