0 0.0641173 0.467341 0.127405 0.160146
0 0.458144 0.144803 0.117101 0.120041
0 0.176225 0.450994 0.124427 0.146797
0 0.385439 0.0466456 0.10339 0.0932912
0 0.284372 0.935913 0.129074 0.117261
0 0.545818 0.0923456 0.130638 0.115292
0 0.248918 0.908252 0.109183 0.10133
0 0.324004 0.0628252 0.0802218 0.0922481
0 0.575339 0.137992 0.105875 0.0905517
0 0.179333 0.0220211 0.0921911 0.0436553
0 0.2179 0.243079 0.0738584 0.0664257
0 0.48555 0.0420222 0.0948594 0.0820951
0 0.0726791 0.370765 0.0973771 0.0840497
