0 0.380359 0.172869 0.118278 0.112138
0 0.928657 0.0444422 0.0867727 0.0817735
0 0.656219 0.183844 0.140527 0.112936
0 0.114219 0.636292 0.0718668 0.0658937
0 0.461372 0.0954327 0.119383 0.126603
0 0.762956 0.0572895 0.101584 0.0956952
0 0.69279 0.284271 0.114185 0.112046
0 0.762583 0.218215 0.0894585 0.0767262
0 0.848912 0.0385633 0.0840732 0.0751897
0 0.37439 0.107234 0.115718 0.102943
0 0.371207 0.484687 0.0945045 0.0956783
0 0.0238337 0.615319 0.047167 0.125303
0 0.0393471 0.0731959 0.0779901 0.121758
0 0.757558 0.975951 0.110492 0.0480981
0 0.139299 0.608692 0.0619647 0.0627474
0 0.515536 0.177984 0.0699968 0.0649635
0 0.960587 0.18329 0.0788258 0.111717
0 0.959227 0.0232739 0.0667046 0.0465477
0 0.883402 0.968111 0.0835453 0.0633613
0 0.854431 0.989759 0.10882 0.0204819
