0 0.492041 0.26506 0.130859 0.119434
0 0.632437 0.834123 0.122566 0.119851
0 0.657997 0.322944 0.12651 0.124169
0 0.926303 0.528419 0.123411 0.126912
0 0.598707 0.927467 0.117113 0.107363
0 0.664385 0.634565 0.0919272 0.0891064
0 0.934239 0.366491 0.0968271 0.0969639
0 0.551838 0.961785 0.0830181 0.0764307
0 0.893831 0.057582 0.0918487 0.0880589
0 0.85078 0.170041 0.0961365 0.0923938
0 0.733939 0.51703 0.066923 0.0662557
0 0.0514476 0.983088 0.102895 0.0337116
0 0.926165 0.989749 0.0775695 0.0204735
0 0.0738086 0.893177 0.0850637 0.085048
0 0.326273 0.0211172 0.11749 0.0422344
0 0.325829 0.0134522 0.116894 0.0269043
0 0.322658 0.0316473 0.113488 0.0620268
0 0.112167 0.0622084 0.0583466 0.0605123
