0 0.683932 0.087339 0.141307 0.139949
0 0.889762 0.789769 0.0847715 0.0886831
0 0.919122 0.880404 0.0983412 0.0920082
0 0.484819 0.401365 0.109407 0.116282
0 0.820426 0.0427074 0.099855 0.0854147
0 0.191409 0.741041 0.064378 0.063951
0 0.951408 0.816871 0.0910869 0.0869652
0 0.966055 0.916018 0.0678907 0.11986
0 0.789613 0.977399 0.121762 0.0452023
0 0.497711 0.978646 0.093861 0.0427082
0 0.165466 0.326005 0.0893311 0.0861936
0 0.71128 0.978982 0.100749 0.0417629
0 0.20968 0.690931 0.0820333 0.0728208
0 0.552596 0.773296 0.0646306 0.0608768
0 0.637024 0.322601 0.089529 0.0956807
0 0.816882 0.663316 0.0561118 0.0555428
0 0.33151 0.879446 0.0735404 0.0718716
0 0.398973 0.855927 0.0577573 0.0637677
0 0.926917 0.659288 0.0513008 0.0448734
0 0.884033 0.0312162 0.0874518 0.0624323
0 0.959877 0.562126 0.0422475 0.0487285
