0 0.777466 0.446974 0.145891 0.133467
0 0.928787 0.642475 0.136909 0.117406
0 0.920379 0.937078 0.148659 0.125845
0 0.865709 0.380236 0.141467 0.134844
0 0.368566 0.414015 0.0905238 0.0910668
0 0.788007 0.703371 0.108974 0.109634
0 0.0850194 0.483443 0.10903 0.0986758
0 0.469147 0.841447 0.109472 0.100388
0 0.102302 0.109231 0.112746 0.109787
0 0.140407 0.38585 0.105944 0.10321
0 0.315505 0.418227 0.0913092 0.0974882
0 0.208657 0.67636 0.0944432 0.0902597
0 0.952705 0.294549 0.0939083 0.089803
0 0.669455 0.618251 0.0949104 0.0802312
0 0.67074 0.978974 0.103695 0.0420526
0 0.692447 0.979281 0.143849 0.0412539
0 0.701332 0.987963 0.166027 0.0240739
