0 0.0729299 0.271531 0.128118 0.121533
0 0.112845 0.143108 0.113569 0.123845
0 0.117923 0.690646 0.119596 0.125575
0 0.826368 0.126009 0.116844 0.1239
0 0.751731 0.543207 0.11895 0.115697
0 0.308469 0.106908 0.105002 0.112974
0 0.0423158 0.108512 0.084021 0.115203
0 0.463359 0.645127 0.110676 0.112057
0 0.0572105 0.845096 0.11238 0.126733
0 0.426049 0.946314 0.107538 0.107371
0 0.229038 0.161838 0.105786 0.11373
0 0.0670811 0.65361 0.130078 0.124757
0 0.763878 0.200758 0.0496792 0.0455503
0 0.148016 0.95204 0.0882352 0.0811584
0 0.723313 0.324633 0.0598362 0.0614704
0 0.762249 0.89553 0.0503032 0.0501194
0 0.0484409 0.573744 0.0964671 0.110332
0 0.898026 0.13722 0.0792912 0.0909836
0 0.312172 0.868201 0.104933 0.106028
0 0.397786 0.741018 0.112089 0.102114
0 0.0290196 0.451759 0.0575953 0.100647
0 0.53819 0.200799 0.063666 0.0615411
0 0.781306 0.626539 0.102927 0.0864109
0 0.697503 0.0310271 0.0572091 0.0579948
0 0.486153 0.871054 0.0830171 0.0903343
0 0.943595 0.514869 0.0509291 0.0461966
