0 0.816675 0.539611 0.14401 0.130708
0 0.730403 0.614156 0.14641 0.136019
0 0.871388 0.74119 0.137051 0.116623
0 0.7421 0.889307 0.10666 0.111526
0 0.0503505 0.696146 0.100701 0.0956633
0 0.107518 0.642993 0.110008 0.0948421
0 0.170429 0.92388 0.0845928 0.0856884
0 0.276388 0.665424 0.0940786 0.100673
0 0.0708196 0.321672 0.119641 0.120745
0 0.329382 0.649786 0.0902987 0.0925924
0 0.420477 0.409867 0.119709 0.110965
0 0.628021 0.867273 0.097456 0.0859335
0 0.32342 0.915763 0.041655 0.033044
0 0.415515 0.333239 0.107632 0.0890901
