0 0.827214 0.577671 0.123006 0.126575
0 0.383886 0.0362564 0.132315 0.0725128
0 0.486683 0.557833 0.0986959 0.099869
0 0.815384 0.905738 0.114121 0.107896
0 0.497134 0.633049 0.0825053 0.0731201
0 0.200345 0.0801339 0.0611097 0.0556855
0 0.0895827 0.647045 0.0641831 0.0538046
0 0.270508 0.0809245 0.0551612 0.0463402
0 0.121702 0.0926073 0.0436488 0.039921
0 0.319895 0.748749 0.0437136 0.0353863
0 0.633488 0.161287 0.0630404 0.0812342
0 0.282478 0.466954 0.0445417 0.0492048
0 0.380424 0.860125 0.0459183 0.0495705
