0 0.465514 0.509943 0.101596 0.100233
0 0.147443 0.277232 0.111387 0.108752
0 0.222542 0.0373249 0.0965069 0.0742909
0 0.953396 0.554084 0.0930096 0.114724
0 0.155011 0.409355 0.102427 0.0931765
0 0.308649 0.0481625 0.0991234 0.0962249
0 0.493963 0.62922 0.0818699 0.0823089
0 0.249658 0.46454 0.0948691 0.0895411
0 0.945965 0.788552 0.0877444 0.0934084
0 0.357291 0.10137 0.086495 0.0864396
0 0.949066 0.953027 0.100511 0.0938029
0 0.0976268 0.0335756 0.0703595 0.0590713
0 0.983356 0.788306 0.0331329 0.106567
