0 0.044642 0.494919 0.089284 0.112582
0 0.236377 0.686128 0.131363 0.119904
0 0.438739 0.725205 0.117955 0.115437
0 0.106854 0.62532 0.0971647 0.092436
0 0.278966 0.333533 0.144802 0.128918
0 0.54298 0.281997 0.134687 0.113141
0 0.810948 0.944631 0.0943974 0.0976677
0 0.92475 0.374222 0.108785 0.112761
0 0.735654 0.897685 0.113219 0.0944397
0 0.485822 0.683659 0.109212 0.100069
0 0.727715 0.973184 0.131147 0.0536316
0 0.287706 0.53328 0.104197 0.0906738
0 0.355242 0.453794 0.112057 0.100053
0 0.670346 0.245845 0.10044 0.0980401
0 0.0400168 0.556927 0.0800337 0.0681955
0 0.0428149 0.966317 0.0856297 0.0673658
0 0.641001 0.0209765 0.113402 0.0419531
0 0.942907 0.955446 0.0937675 0.083461
