0 0.757709 0.284653 0.115843 0.101656
0 0.340806 0.265611 0.0749311 0.0736545
0 0.787889 0.376714 0.127531 0.112844
0 0.267582 0.283873 0.0849866 0.0773975
0 0.867107 0.284584 0.09955 0.0962306
0 0.149434 0.562415 0.0933754 0.0945398
0 0.261189 0.215022 0.0896523 0.0889222
0 0.339607 0.0788774 0.0840297 0.0805364
0 0.832273 0.521024 0.0892612 0.0960976
0 0.318373 0.52713 0.0753223 0.0667078
0 0.642983 0.836949 0.0768545 0.0764999
0 0.223981 0.955806 0.0992687 0.0883793
0 0.36988 0.615403 0.0729142 0.0704765
0 0.0427293 0.476967 0.0505512 0.0475782
0 0.310716 0.956054 0.0958885 0.0878927
0 0.776342 0.777462 0.0821429 0.0783219
0 0.150366 0.831385 0.070506 0.0653571
0 0.399155 0.243477 0.0874604 0.0816573
0 0.964685 0.361198 0.0706295 0.101942
0 0.760137 0.442088 0.0863268 0.0717146
0 0.488829 0.713369 0.0722217 0.0753977
0 0.686566 0.988607 0.118781 0.0227852
0 0.592858 0.254852 0.0573621 0.0535659
0 0.365304 0.672559 0.0650544 0.0666229
0 0.0707971 0.19544 0.046362 0.0504634
0 0.646199 0.1602 0.0780308 0.0691419
0 0.138015 0.217703 0.0357903 0.038797
0 0.165086 0.221517 0.0312068 0.0330191
0 0.114194 0.0290118 0.073133 0.0578287
0 0.0151612 0.769699 0.0303224 0.0468953
0 0.0618248 0.787332 0.0478631 0.0494991
0 0.115426 0.796915 0.0447989 0.0442821
