0 0.288529 0.0629991 0.142111 0.125998
0 0.393577 0.0380192 0.158353 0.0757842
0 0.251093 0.656191 0.113087 0.0937233
0 0.500917 0.112043 0.104659 0.12241
0 0.593606 0.104071 0.103747 0.11198
0 0.43534 0.753423 0.105286 0.10067
0 0.0563745 0.751552 0.10363 0.109424
0 0.543635 0.198601 0.117542 0.114142
0 0.311117 0.721512 0.0931917 0.0878888
0 0.081561 0.5043 0.104252 0.111588
0 0.254469 0.764105 0.132048 0.12646
0 0.520283 0.988356 0.100297 0.0232883
0 0.12473 0.528031 0.0883001 0.111148
0 0.0124759 0.242449 0.0249518 0.0961549
0 0.123616 0.366491 0.104684 0.100173
