0 0.692562 0.967734 0.0964766 0.0645317
0 0.263061 0.0410259 0.121097 0.0820518
0 0.760262 0.942822 0.102637 0.104806
0 0.088914 0.819975 0.0960388 0.103916
0 0.460498 0.72533 0.0856146 0.0823717
0 0.944325 0.369821 0.111351 0.138936
0 0.769561 0.674768 0.110175 0.102362
0 0.696788 0.895742 0.0535656 0.0471289
0 0.879974 0.773043 0.0837693 0.0752563
0 0.338422 0.815452 0.0912212 0.0928283
0 0.279595 0.671158 0.0883864 0.0815798
0 0.754909 0.855052 0.0744659 0.0796649
0 0.70788 0.562854 0.0917709 0.10341
