0 0.806355 0.645647 0.0802749 0.0846658
0 0.848332 0.153894 0.080887 0.0715765
0 0.879464 0.115602 0.0644901 0.0640829
0 0.265345 0.827925 0.0896805 0.0896528
0 0.707868 0.59435 0.0631438 0.0572913
0 0.920446 0.413216 0.0609602 0.0566919
0 0.805144 0.10264 0.0764942 0.068303
0 0.794638 0.217077 0.0729994 0.0691702
0 0.608018 0.782651 0.063225 0.0637908
0 0.480278 0.0578006 0.0760702 0.08197
0 0.758386 0.421945 0.0381771 0.0393713
0 0.626332 0.701334 0.0701793 0.0749917
0 0.975975 0.46974 0.0480502 0.0495412
