0 0.839976 0.276141 0.141295 0.123578
0 0.925282 0.0996798 0.122404 0.129751
0 0.504728 0.739436 0.116681 0.113741
0 0.317436 0.577859 0.106641 0.10324
0 0.956383 0.78917 0.0872339 0.113805
0 0.813223 0.383391 0.0964479 0.101225
0 0.933189 0.376419 0.117042 0.130531
0 0.920022 0.696046 0.0972092 0.0977234
0 0.278575 0.766327 0.11117 0.0940821
0 0.391364 0.641164 0.117986 0.10949
0 0.323167 0.266712 0.0954907 0.0924263
0 0.323621 0.163072 0.100763 0.0886416
0 0.820789 0.0761489 0.0962173 0.0990743
