0 0.912394 0.547836 0.163838 0.148202
0 0.697648 0.909288 0.149141 0.103398
0 0.310794 0.168367 0.149759 0.137753
0 0.326497 0.652219 0.16533 0.140464
0 0.47798 0.485434 0.12488 0.1196
0 0.394822 0.761081 0.12596 0.10845
0 0.565973 0.422044 0.135488 0.135578
0 0.35359 0.471696 0.121714 0.12083
0 0.478731 0.798266 0.103611 0.0952426
0 0.764693 0.661557 0.100612 0.101897
0 0.767514 0.755231 0.0967901 0.0937818
0 0.611394 0.737695 0.111004 0.103922
0 0.0252922 0.425113 0.0501301 0.0970455
0 0.292935 0.732065 0.100266 0.0936211
0 0.970366 0.0461884 0.0589663 0.0918826
0 0.531206 0.0140627 0.1122 0.0281089
0 0.366367 0.321306 0.1439 0.1437
0 0.279519 0.350684 0.0962406 0.0939505
0 0.507698 0.0747029 0.0773809 0.0836487
