0 0.708465 0.938588 0.141494 0.122823
0 0.67386 0.784647 0.108384 0.108612
0 0.668522 0.67806 0.126104 0.133904
0 0.126028 0.692458 0.107474 0.0977909
0 0.688111 0.3521 0.133925 0.103448
0 0.51777 0.300955 0.112988 0.110528
0 0.595197 0.395658 0.110663 0.103389
0 0.593287 0.0305924 0.105281 0.0603062
0 0.463555 0.235715 0.0604252 0.063014
0 0.803186 0.401667 0.112227 0.0886406
0 0.67228 0.486263 0.0937207 0.123239
0 0.84067 0.880448 0.113127 0.0880232
0 0.926958 0.906931 0.0916973 0.0897404
0 0.189263 0.308696 0.108681 0.103864
0 0.426966 0.308899 0.0966215 0.12049
0 0.123173 0.314637 0.0806866 0.0954855
0 0.389989 0.706849 0.082055 0.0978342
0 0.563629 0.0428235 0.0705357 0.0677337
0 0.845617 0.965234 0.0987123 0.0695314
0 0.362184 0.227996 0.0652504 0.0753274
