0 0.206962 0.754072 0.132995 0.0883884
0 0.959396 0.0976746 0.0812086 0.127327
0 0.178243 0.206957 0.115635 0.122556
0 0.153967 0.356126 0.122618 0.107816
0 0.833236 0.909882 0.110575 0.099033
0 0.265359 0.182238 0.108579 0.0982068
0 0.59522 0.303019 0.100864 0.0983583
0 0.84226 0.0362533 0.120853 0.0724093
0 0.0224353 0.428429 0.0448707 0.179079
0 0.0344676 0.956395 0.0680031 0.0872092
0 0.944149 0.945525 0.0999346 0.107103
0 0.695362 0.928906 0.10473 0.10159
0 0.0158855 0.429831 0.031771 0.188143
0 0.266336 0.461798 0.104749 0.107757
0 0.9717 0.0204668 0.0566002 0.0409336
0 0.842615 0.374718 0.0905565 0.0903022
0 0.0113002 0.427699 0.0226005 0.18759
0 0.160293 0.929237 0.07359 0.0678833
