0 0.686077 0.585524 0.156332 0.146078
0 0.818558 0.782974 0.146617 0.133059
0 0.318088 0.157538 0.117326 0.109428
0 0.917499 0.370044 0.146324 0.123587
0 0.361489 0.631003 0.126154 0.11505
0 0.329479 0.953577 0.115461 0.0928466
0 0.244912 0.227205 0.140006 0.132012
0 0.921035 0.226984 0.123424 0.106368
0 0.942194 0.615529 0.113092 0.113401
0 0.768729 0.928135 0.11375 0.116582
0 0.682828 0.474853 0.154385 0.12941
0 0.0809466 0.804983 0.111668 0.106507
0 0.162505 0.619556 0.0941333 0.0891689
0 0.648202 0.877474 0.0978816 0.10885
0 0.879075 0.695953 0.118001 0.097086
0 0.163697 0.561212 0.087165 0.0632874
0 0.324533 0.490651 0.0916992 0.102427
0 0.97735 0.518282 0.0453008 0.0827365
0 0.626498 0.314215 0.0871826 0.0893708
0 0.0877112 0.761165 0.101486 0.0658053
0 0.934802 0.794679 0.0754387 0.0745884
