0 0.387734 0.134329 0.150837 0.138823
0 0.205898 0.681417 0.129172 0.118279
0 0.345652 0.385691 0.122879 0.103684
0 0.659492 0.549898 0.114793 0.113145
0 0.331999 0.18922 0.111262 0.11158
0 0.524862 0.595554 0.10734 0.110924
0 0.273682 0.611893 0.0984745 0.0847263
0 0.687438 0.459077 0.104463 0.0903448
0 0.593942 0.189873 0.069816 0.0657739
0 0.0694631 0.571653 0.123229 0.0981476
0 0.392287 0.758892 0.106061 0.113381
0 0.443027 0.980399 0.0808046 0.0389771
0 0.496081 0.984757 0.0909418 0.0304869
0 0.0249767 0.030272 0.0495828 0.0605441
0 0.122004 0.703663 0.0732336 0.068628
0 0.297104 0.883818 0.0780749 0.0733315
0 0.377603 0.572036 0.111735 0.117495
0 0.427498 0.820605 0.0760713 0.0636206
0 0.0306258 0.652276 0.0609755 0.0734921
0 0.323041 0.840465 0.0955104 0.0851364
