0 0.228209 0.117388 0.164287 0.15159
0 0.151995 0.949762 0.142986 0.100477
0 0.679473 0.0609889 0.124396 0.121397
0 0.614641 0.799521 0.131497 0.136466
0 0.8333 0.692391 0.14719 0.125028
0 0.805091 0.297039 0.113885 0.11245
0 0.265585 0.950464 0.0985501 0.0969027
0 0.870263 0.355602 0.112152 0.109897
0 0.938793 0.275731 0.104319 0.103527
0 0.273018 0.797243 0.115606 0.100932
0 0.889589 0.582149 0.0888508 0.0957603
0 0.750281 0.81907 0.136814 0.116171
0 0.464694 0.0239253 0.131877 0.0477016
0 0.750391 0.0393553 0.091627 0.0787106
0 0.395935 0.190895 0.103094 0.0980977
0 0.882723 0.230175 0.100092 0.0907508
0 0.671778 0.712057 0.104806 0.116797
