0 0.263544 0.0997674 0.122927 0.115818
0 0.723644 0.302383 0.140063 0.137227
0 0.378278 0.296444 0.123654 0.116844
0 0.177635 0.119996 0.113101 0.115187
0 0.699852 0.050046 0.101368 0.0998022
0 0.50107 0.394208 0.0895592 0.0760162
0 0.287445 0.173598 0.113001 0.105119
0 0.422714 0.862536 0.129152 0.131024
0 0.455225 0.235419 0.104545 0.105932
0 0.0276066 0.841298 0.055095 0.138611
0 0.345091 0.877903 0.090169 0.116634
0 0.968369 0.572748 0.0632623 0.110738
0 0.0986279 0.715385 0.129489 0.126843
0 0.0987236 0.528385 0.0933562 0.0782892
0 0.0306999 0.766845 0.061303 0.089428
