0 0.362228 0.255842 0.141158 0.118138
0 0.7204 0.436939 0.195889 0.16131
0 0.373529 0.369908 0.138964 0.114132
0 0.0532927 0.164598 0.106585 0.102713
0 0.249644 0.543069 0.144202 0.128516
0 0.901491 0.481082 0.113391 0.120442
0 0.702174 0.587568 0.147685 0.118386
0 0.932441 0.782234 0.109332 0.103988
0 0.671551 0.669532 0.130067 0.122386
0 0.378814 0.969139 0.119807 0.0617213
0 0.468051 0.440141 0.0935504 0.103195
0 0.869631 0.213556 0.131926 0.125064
0 0.541656 0.415366 0.132847 0.147959
0 0.0342337 0.419244 0.0533904 0.0506137
0 0.498045 0.522034 0.0833544 0.0817007
