0 0.946699 0.111847 0.106602 0.114417
0 0.51748 0.663781 0.113167 0.111786
0 0.626252 0.0959388 0.113754 0.10689
0 0.940054 0.233833 0.117839 0.101251
0 0.347461 0.0435376 0.116934 0.0870752
0 0.964558 0.719226 0.0708839 0.10177
0 0.423355 0.911001 0.107127 0.0960539
0 0.498775 0.0260144 0.113707 0.0520288
0 0.311217 0.792904 0.0977247 0.10428
0 0.126954 0.390394 0.0850488 0.0627181
0 0.139667 0.0156687 0.0970932 0.0313375
0 0.918756 0.143297 0.0723149 0.0745903
0 0.430512 0.0110449 0.0828099 0.0220897
