0 0.508339 0.534324 0.124702 0.107184
0 0.808518 0.433157 0.107767 0.100248
0 0.724768 0.670503 0.115469 0.115595
0 0.955308 0.457173 0.0891339 0.120207
0 0.773089 0.81652 0.113335 0.123261
0 0.162266 0.287887 0.0855714 0.0859738
0 0.737977 0.432806 0.0968296 0.109444
0 0.302287 0.730751 0.103905 0.11052
0 0.324128 0.92952 0.0981737 0.100766
0 0.723489 0.211114 0.102221 0.0883544
0 0.399486 0.958749 0.116704 0.082352
0 0.70034 0.038365 0.102132 0.0767299
0 0.843936 0.638146 0.0824924 0.0853838
0 0.31124 0.0265467 0.09876 0.0528739
0 0.354435 0.719021 0.0722267 0.093089
0 0.769467 0.305931 0.112108 0.102718
0 0.648793 0.00988318 0.112176 0.0197664
