0 0.511271 0.837897 0.131088 0.132689
0 0.213649 0.349846 0.121984 0.127842
0 0.1161 0.332184 0.0970505 0.097552
0 0.12089 0.11139 0.142357 0.126125
0 0.716949 0.721416 0.117548 0.113446
0 0.165708 0.269181 0.144324 0.114531
0 0.690048 0.816402 0.119269 0.100869
0 0.0405428 0.972339 0.0753976 0.0553227
0 0.118869 0.683002 0.0555756 0.0525711
0 0.509872 0.709004 0.133426 0.136809
0 0.519298 0.450217 0.116671 0.123434
0 0.931641 0.0978951 0.056872 0.0580843
0 0.416379 0.281346 0.0846407 0.0870191
0 0.586366 0.249252 0.0817898 0.0841669
0 0.139252 0.184565 0.106225 0.0935748
0 0.215035 0.782259 0.0449367 0.0487566
0 0.872353 0.00899405 0.107947 0.0179881
