0 0.311243 0.760141 0.118705 0.107155
0 0.397124 0.675815 0.117298 0.108472
0 0.353478 0.201021 0.119145 0.0942757
0 0.770229 0.720577 0.116665 0.105322
0 0.722482 0.792987 0.0955858 0.0980167
0 0.940113 0.666598 0.109919 0.10051
0 0.904367 0.763842 0.10595 0.0972748
0 0.586115 0.625788 0.101299 0.0968172
0 0.654856 0.0234628 0.172605 0.0468819
0 0.590329 0.0683721 0.138134 0.130766
0 0.954556 0.0330255 0.0901421 0.066051
0 0.973008 0.937208 0.053985 0.0892588
0 0.0877114 0.567905 0.0560533 0.0538252
0 0.00718113 0.148332 0.0138239 0.122502
