0 0.706924 0.0508527 0.132288 0.101705
0 0.437605 0.652326 0.118286 0.104291
0 0.708691 0.143007 0.125165 0.100075
0 0.236833 0.0658272 0.0967478 0.105221
0 0.0538328 0.446147 0.0735104 0.0702156
0 0.244006 0.971762 0.0878323 0.0564756
0 0.535023 0.212706 0.0837283 0.0808518
0 0.0959259 0.792145 0.108775 0.0997531
0 0.793375 0.527863 0.0999908 0.0887268
0 0.179915 0.401832 0.0834043 0.0756773
0 0.867677 0.728215 0.063402 0.0619135
0 0.427315 0.751137 0.0971649 0.102638
0 0.474462 0.230052 0.0755503 0.0885351
0 0.143144 0.724662 0.0852721 0.0808421
0 0.260678 0.652737 0.0966698 0.0978417
0 0.678802 0.391635 0.0867283 0.0880659
0 0.972321 0.558033 0.0551409 0.0633602
0 0.322077 0.0750066 0.0935872 0.107405
0 0.690784 0.947516 0.0629767 0.0683765
0 0.111796 0.668088 0.0610504 0.054464
0 0.675914 0.524752 0.0818815 0.082122
0 0.11144 0.396629 0.0690836 0.077272
0 0.516377 0.155478 0.0546717 0.043592
0 0.370991 0.790491 0.0757643 0.0729084
0 0.307637 0.950835 0.070958 0.0682386
0 0.763569 0.918439 0.0572651 0.0571762
0 0.111304 0.164195 0.0489855 0.0472522
0 0.00947736 0.473285 0.0187305 0.0504429
0 0.774931 0.0676102 0.0625372 0.0793058
