0 0.77218 0.433785 0.0554042 0.0518185
0 0.604725 0.273364 0.0467579 0.0438489
0 0.607007 0.31048 0.0543264 0.0431487
0 0.0444251 0.802661 0.0374579 0.0366106
0 0.645429 0.270125 0.0465269 0.044845
0 0.12142 0.579333 0.0642209 0.0541243
0 0.117018 0.899024 0.0391947 0.035112
0 0.0733135 0.0463531 0.0595088 0.0603604
0 0.233437 0.688447 0.0473499 0.046123
0 0.361166 0.800578 0.0355434 0.0358521
0 0.270194 0.390803 0.0568063 0.0615052
0 0.187905 0.504092 0.0503045 0.044792
0 0.39168 0.375017 0.0517109 0.0541434
0 0.178665 0.72642 0.0337885 0.0351345
0 0.293879 0.0672014 0.0573277 0.0562191
0 0.06371 0.759078 0.0322051 0.0350285
0 0.00702401 0.767605 0.0134274 0.0551376
0 0.221315 0.0128042 0.056743 0.0256083
0 0.140007 0.743259 0.0351213 0.036105
0 0.0973404 0.159493 0.0577174 0.0438237
