0 0.778838 0.716963 0.122509 0.114369
0 0.692438 0.765177 0.101903 0.103629
0 0.0872997 0.0858557 0.127438 0.131878
0 0.136325 0.87129 0.134139 0.129355
0 0.240503 0.447405 0.108049 0.102328
0 0.583578 0.268746 0.114801 0.126432
0 0.0316798 0.481916 0.0628857 0.117193
0 0.948175 0.789057 0.102847 0.0966034
0 0.225268 0.0867635 0.125065 0.133689
0 0.35779 0.460592 0.134549 0.125161
0 0.969613 0.703257 0.0607733 0.0970309
0 0.391136 0.598243 0.115251 0.119549
0 0.209487 0.540556 0.116924 0.0955944
0 0.920026 0.736226 0.0755296 0.090176
0 0.0861115 0.835456 0.145784 0.126033
0 0.474974 0.266747 0.0797745 0.0806182
