0 0.657497 0.834066 0.117198 0.115343
0 0.863141 0.340744 0.120577 0.110104
0 0.466819 0.466782 0.135927 0.111002
0 0.910125 0.601727 0.090172 0.0921467
0 0.425472 0.641567 0.11334 0.116471
0 0.458973 0.5718 0.123158 0.113752
0 0.530709 0.655377 0.114768 0.108333
0 0.973734 0.622094 0.0525311 0.110466
0 0.977694 0.531083 0.0446118 0.0946198
0 0.595984 0.650089 0.0807357 0.101759
0 0.931731 0.975407 0.122344 0.0491169
0 0.680506 0.240812 0.093344 0.0966656
0 0.542572 0.772295 0.100734 0.0911085
0 0.936106 0.926601 0.106586 0.0793204
0 0.494508 0.700315 0.0924814 0.0893479
0 0.07126 0.117568 0.089032 0.0807226
0 0.645849 0.755412 0.0795937 0.0668648
0 0.401494 0.956722 0.0980711 0.0865551
0 0.779263 0.843382 0.0745335 0.0796578
0 0.102832 0.661438 0.104645 0.115839
0 0.851725 0.0528014 0.0736223 0.0730378
0 0.186552 0.272594 0.0904803 0.0996025
0 0.143966 0.249644 0.0849085 0.103813
