0 0.429517 0.532958 0.115453 0.108483
0 0.803705 0.686927 0.11947 0.112192
0 0.212908 0.170896 0.116627 0.0974728
0 0.86251 0.0352028 0.122893 0.0704055
0 0.510766 0.151302 0.125907 0.10453
0 0.491001 0.250993 0.100096 0.0934018
0 0.451189 0.59702 0.0965696 0.0740747
0 0.593335 0.0237693 0.145461 0.0475386
0 0.212662 0.0749949 0.0990946 0.0973181
0 0.729164 0.70047 0.0970421 0.101402
0 0.886015 0.212746 0.0989043 0.10016
0 0.813389 0.406483 0.0769501 0.0819117
0 0.90255 0.453084 0.0630072 0.0715708
