0 0.239525 0.36679 0.0957664 0.0997019
0 0.943966 0.448365 0.112068 0.120351
0 0.144329 0.0273203 0.1001 0.0543536
0 0.448957 0.416267 0.083749 0.0826315
0 0.40654 0.361054 0.0939941 0.0876133
0 0.527191 0.754372 0.087926 0.0900283
0 0.323721 0.833298 0.100684 0.107768
0 0.419344 0.503266 0.0911427 0.078572
0 0.0483107 0.931751 0.0945222 0.0911976
0 0.217529 0.89566 0.107085 0.110588
0 0.965315 0.558348 0.0693698 0.0904287
0 0.316381 0.962906 0.0991265 0.0741884
0 0.81764 0.873729 0.0864107 0.0974648
0 0.171703 0.362164 0.0763835 0.0848226
0 0.347299 0.105807 0.0640599 0.0640941
