0 0.0484797 0.0651295 0.0969594 0.126697
0 0.443321 0.849968 0.115986 0.112833
0 0.27607 0.296157 0.130901 0.074146
0 0.386574 0.916003 0.113781 0.106516
0 0.755463 0.402194 0.11783 0.105283
0 0.942951 0.764258 0.113972 0.135896
0 0.0632593 0.48012 0.109181 0.112147
0 0.907116 0.360633 0.112444 0.096046
0 0.145544 0.964418 0.105794 0.0711569
0 0.016193 0.581508 0.0322405 0.101765
0 0.756792 0.341546 0.11062 0.0856819
0 0.0660887 0.0205041 0.114182 0.0410083
0 0.0812634 0.351711 0.119182 0.0997133
0 0.351643 0.849171 0.0890346 0.0940479
