0 0.935803 0.910483 0.128394 0.11021
0 0.0464856 0.240386 0.0929712 0.124028
0 0.735887 0.564372 0.128859 0.109137
0 0.430001 0.392804 0.132589 0.127143
0 0.108883 0.38812 0.10416 0.099864
0 0.469796 0.728042 0.108801 0.0989069
0 0.519392 0.665487 0.0888307 0.0839545
0 0.343337 0.669073 0.0779704 0.0791201
0 0.869651 0.569089 0.1358 0.132066
0 0.433539 0.259537 0.126017 0.123969
0 0.0254014 0.363957 0.0508029 0.0938035
0 0.173648 0.523022 0.100401 0.0902421
0 0.0393808 0.433741 0.0761744 0.0720234
0 0.971089 0.814215 0.0578226 0.123098
0 0.153056 0.440943 0.0899221 0.0949508
0 0.796051 0.711054 0.123243 0.110936
0 0.628111 0.038268 0.0936021 0.076536
0 0.535963 0.060509 0.0900155 0.0911443
0 0.985706 0.963453 0.0285872 0.0730932
0 0.356787 0.518505 0.0882063 0.0956593
