0 0.375483 0.446956 0.15067 0.14366
0 0.652723 0.893096 0.120931 0.117608
0 0.0621691 0.0943795 0.123609 0.138233
0 0.515819 0.947309 0.118151 0.105382
0 0.337005 0.70521 0.124107 0.100036
0 0.268779 0.949088 0.0947417 0.0859821
0 0.200113 0.979486 0.135481 0.0406799
0 0.317194 0.542742 0.115275 0.109287
0 0.954159 0.155103 0.0916813 0.118574
0 0.679541 0.809069 0.112953 0.0944402
0 0.0432204 0.331212 0.085411 0.0751055
0 0.581216 0.528459 0.0708773 0.0664816
0 0.0160728 0.288067 0.0319009 0.115494
0 0.376514 0.879519 0.0737007 0.0495561
0 0.365926 0.935186 0.0862117 0.0894758
