0 0.742302 0.101073 0.117894 0.111993
0 0.334198 0.593963 0.15018 0.125484
0 0.303 0.891764 0.116428 0.105976
0 0.338793 0.711651 0.128919 0.128412
0 0.643677 0.807666 0.10776 0.110631
0 0.506296 0.592909 0.130552 0.105699
0 0.394719 0.917611 0.113403 0.126457
0 0.446366 0.671035 0.121726 0.106231
0 0.788319 0.147838 0.0950922 0.0950385
0 0.607963 0.897696 0.109058 0.100457
0 0.45554 0.986513 0.0718181 0.0265446
0 0.664313 0.188207 0.113627 0.108772
0 0.144168 0.610776 0.0788012 0.0768114
0 0.786853 0.0307347 0.118686 0.0613427
0 0.656803 0.540256 0.0622911 0.0679132
0 0.361949 0.382638 0.0770919 0.0884053
0 0.315458 0.441731 0.0817787 0.0807441
