0 0.244723 0.933613 0.14657 0.132775
0 0.438762 0.390013 0.124251 0.108604
0 0.455011 0.482016 0.130247 0.106573
0 0.154017 0.1947 0.115199 0.101958
0 0.73682 0.166463 0.144215 0.122393
0 0.445289 0.109821 0.113167 0.100357
0 0.861337 0.826429 0.114383 0.113172
0 0.829757 0.920418 0.115641 0.0967199
0 0.538077 0.308245 0.0992129 0.0916853
0 0.950236 0.832569 0.0942215 0.104519
0 0.483704 0.0267606 0.10339 0.0535212
0 0.175526 0.284123 0.0953607 0.0949371
0 0.527728 0.0614908 0.0962299 0.0818613
0 0.770671 0.801303 0.110087 0.119665
0 0.820532 0.256433 0.134377 0.12661
0 0.134504 0.469746 0.104119 0.0955551
0 0.0190221 0.448075 0.037281 0.0916784
0 0.20677 0.163372 0.10758 0.0984766
0 0.699562 0.899771 0.0951125 0.0936451
0 0.870733 0.767282 0.0811836 0.0487577
0 0.497574 0.125864 0.0629877 0.059072
0 0.0618559 0.874134 0.100333 0.118492
0 0.875482 0.775416 0.0823885 0.0646086
0 0.00739387 0.524035 0.014379 0.0939144
0 0.600866 0.0793841 0.0613378 0.0491557
