0 0.651681 0.647299 0.114414 0.11119
0 0.737136 0.504587 0.105085 0.10458
0 0.0466267 0.442296 0.0932535 0.113067
0 0.688652 0.757149 0.0814455 0.0782396
0 0.0508556 0.22644 0.101662 0.115449
0 0.0647219 0.533161 0.115813 0.115796
0 0.67619 0.580705 0.131658 0.103583
0 0.508751 0.126947 0.0981741 0.0986559
0 0.89003 0.365571 0.117309 0.0981409
0 0.0542648 0.0960985 0.10853 0.126973
0 0.362256 0.810278 0.0867214 0.0919241
0 0.890271 0.191511 0.113302 0.119767
0 0.352304 0.633172 0.0588517 0.0458155
0 0.613093 0.136464 0.0908474 0.0873236
0 0.667751 0.464256 0.0642806 0.0639944
0 0.124309 0.958908 0.105496 0.0821846
0 0.498215 0.407496 0.104421 0.0700129
0 0.817128 0.0547466 0.0965658 0.107759
0 0.539673 0.52798 0.050244 0.0591971
0 0.0398731 0.756245 0.0796388 0.0984932
0 0.0185547 0.721538 0.037038 0.0903749
0 0.492017 0.507102 0.0712992 0.0718159
0 0.630337 0.949995 0.0799237 0.0664261
0 0.869277 0.453371 0.122251 0.111449
0 0.519971 0.829349 0.0754884 0.0976589
0 0.462427 0.809473 0.0914399 0.0812897
0 0.67044 0.607099 0.135989 0.144853
