0 0.886687 0.890101 0.201743 0.188235
0 0.889191 0.0955212 0.182458 0.186742
0 0.539429 0.746518 0.146594 0.140719
0 0.592278 0.591799 0.166859 0.160012
0 0.203901 0.0395639 0.149496 0.0786921
0 0.133673 0.3443 0.145641 0.145137
0 0.603264 0.12336 0.140109 0.145094
0 0.339769 0.0903975 0.17393 0.167564
0 0.740096 0.139332 0.169562 0.170509
0 0.174694 0.780733 0.162311 0.165241
0 0.142267 0.0659888 0.110287 0.111404
0 0.084293 0.782188 0.09523 0.112557
0 0.362918 0.848414 0.116677 0.103745
0 0.570063 0.0543074 0.173695 0.107814
0 0.910952 0.652621 0.11864 0.129327
0 0.691712 0.0542641 0.117184 0.106564
0 0.873806 0.531102 0.110751 0.100852
0 0.117082 0.920091 0.103415 0.113722
0 0.227292 0.317011 0.107088 0.104852
0 0.0113221 0.438488 0.0226442 0.118085
0 0.822544 0.237142 0.111026 0.113639
