0 0.161326 0.111593 0.133528 0.122917
0 0.0446564 0.543656 0.0670757 0.0683661
0 0.197685 0.180897 0.123272 0.104634
0 0.639574 0.851826 0.0976787 0.0869581
0 0.426513 0.738423 0.0922566 0.0998684
0 0.671204 0.974399 0.112729 0.0506485
0 0.583217 0.976812 0.0796871 0.0459734
0 0.791687 0.0267671 0.0812877 0.0535342
0 0.777579 0.90799 0.075412 0.0711796
0 0.358882 0.19466 0.0940437 0.0880625
0 0.709217 0.0948646 0.0911489 0.0913687
0 0.358264 0.885298 0.0578505 0.0540932
0 0.667 0.929042 0.110583 0.0730991
