0 0.143968 0.566311 0.151719 0.138588
0 0.14639 0.670054 0.140465 0.120803
0 0.564244 0.372102 0.100827 0.0976341
0 0.389629 0.299176 0.117985 0.112815
0 0.102417 0.777822 0.0922058 0.084372
0 0.18314 0.87552 0.107214 0.0980078
0 0.642224 0.139937 0.100128 0.092799
0 0.33202 0.187171 0.108263 0.101111
0 0.0305327 0.771381 0.0610653 0.117281
0 0.603424 0.456506 0.122093 0.112454
0 0.515808 0.402676 0.087366 0.0861992
0 0.840396 0.0962578 0.0968941 0.101476
0 0.800983 0.366909 0.0988443 0.095518
0 0.614841 0.0444623 0.106612 0.0889247
0 0.404101 0.749538 0.061881 0.0592468
0 0.288759 0.957574 0.062692 0.0654436
0 0.333625 0.978939 0.0687783 0.0414623
0 0.799138 0.513561 0.113254 0.0840606
0 0.446315 0.242659 0.0873268 0.0780841
0 0.0874286 0.469794 0.062992 0.0641367
0 0.501417 0.710683 0.0481155 0.0440203
0 0.782366 0.984533 0.0954285 0.0307264
0 0.573854 0.204213 0.0708111 0.0687658
