0 0.585983 0.961065 0.125005 0.0778707
0 0.221652 0.535416 0.109821 0.103358
0 0.368442 0.389163 0.107558 0.10445
0 0.359304 0.907041 0.0904717 0.0958378
0 0.639037 0.0350494 0.120833 0.0700987
0 0.724868 0.959508 0.105569 0.0807026
0 0.228173 0.470718 0.101812 0.0789292
0 0.0580293 0.104113 0.0978771 0.0887859
0 0.28082 0.585727 0.0894195 0.0791223
0 0.921361 0.0753787 0.059782 0.0599051
0 0.44109 0.41007 0.0856532 0.0837006
0 0.110614 0.989413 0.101208 0.0211748
0 0.847999 0.359745 0.0770021 0.0694226
0 0.51959 0.312062 0.0644538 0.0651591
0 0.262165 0.943765 0.0870171 0.0927525
