0 0.105631 0.662886 0.122868 0.111495
0 0.194481 0.706183 0.137534 0.138704
0 0.553024 0.0879764 0.13609 0.117917
0 0.423399 0.102367 0.108336 0.100746
0 0.057188 0.482108 0.114066 0.108959
0 0.544067 0.205407 0.121357 0.113643
0 0.443689 0.860089 0.109608 0.100995
0 0.281046 0.963297 0.146671 0.0734064
0 0.184489 0.506582 0.125815 0.130342
0 0.0548164 0.845759 0.0910381 0.0759504
0 0.17362 0.0623053 0.111105 0.0988905
0 0.425228 0.777397 0.114641 0.0992891
0 0.671886 0.737734 0.135889 0.130309
0 0.952497 0.10158 0.0950058 0.144193
0 0.486526 0.419325 0.109588 0.104005
0 0.159569 0.147955 0.115139 0.0976607
0 0.645996 0.919466 0.0853426 0.0859796
0 0.509611 0.758195 0.110719 0.109204
0 0.0740839 0.0598111 0.0971693 0.0943387
0 0.96246 0.139705 0.0750801 0.0709097
