0 0.711015 0.590058 0.135985 0.138468
0 0.827912 0.85844 0.16537 0.166636
0 0.447483 0.313949 0.142386 0.135134
0 0.318121 0.794983 0.156487 0.14441
0 0.945783 0.892818 0.108434 0.145102
0 0.394783 0.423972 0.142949 0.138657
0 0.631381 0.236243 0.134014 0.131041
0 0.505294 0.944958 0.109869 0.096932
0 0.599892 0.57699 0.134042 0.153983
0 0.4377 0.655099 0.118453 0.102333
0 0.244757 0.548885 0.114974 0.11166
0 0.227026 0.024181 0.12686 0.0478717
0 0.330892 0.0225489 0.135951 0.0449401
0 0.953283 0.553782 0.0933658 0.128892
0 0.1765 0.391106 0.101514 0.100798
0 0.950887 0.642736 0.0718603 0.0718073
0 0.126116 0.965048 0.0756339 0.0692238
