0 0.614628 0.864057 0.15397 0.149025
0 0.401629 0.732353 0.137282 0.134374
0 0.178706 0.830311 0.15624 0.156431
0 0.78727 0.951312 0.173039 0.0971725
0 0.894504 0.447341 0.10393 0.102261
0 0.268608 0.951073 0.140922 0.0978531
0 0.954678 0.212031 0.0899353 0.116953
0 0.667312 0.203958 0.102542 0.101146
0 0.849775 0.161106 0.109072 0.0855917
0 0.0483935 0.512179 0.096787 0.117745
0 0.291531 0.720012 0.112841 0.112273
0 0.449851 0.964304 0.159439 0.0710842
0 0.798206 0.125039 0.0974548 0.0617432
0 0.0601906 0.712273 0.100906 0.108576
0 0.366965 0.602134 0.127503 0.112321
0 0.760354 0.425851 0.0900905 0.092333
0 0.10669 0.912947 0.161546 0.154912
0 0.865283 0.247506 0.102771 0.0908109
0 0.0549748 0.967103 0.109467 0.0657943
0 0.160966 0.984082 0.115909 0.0317047
0 0.909568 0.35453 0.102887 0.109667
0 0.59717 0.407779 0.108028 0.115459
0 0.88137 0.831328 0.102615 0.096392
0 0.239451 0.236475 0.0846327 0.0857218
