0 0.874311 0.316686 0.131587 0.122134
0 0.709805 0.443189 0.120775 0.109731
0 0.36048 0.0804908 0.119991 0.108103
0 0.153682 0.240139 0.112257 0.114613
0 0.829471 0.194167 0.126706 0.0991092
0 0.427024 0.336147 0.106004 0.091565
0 0.81057 0.483383 0.144326 0.117359
0 0.0651978 0.5316 0.10356 0.107126
0 0.348261 0.276512 0.0980628 0.0895679
0 0.045608 0.340625 0.0909046 0.138347
0 0.547964 0.180495 0.0928818 0.0914743
0 0.877838 0.119894 0.101106 0.0935781
0 0.46401 0.272588 0.111448 0.0988426
0 0.0764399 0.306964 0.0953141 0.10268
0 0.650539 0.0256378 0.111579 0.0511205
0 0.0770142 0.421752 0.115088 0.120329
0 0.301268 0.306469 0.0641375 0.086946
0 0.936544 0.182252 0.0668404 0.0786641
0 0.524683 0.805117 0.0872701 0.0398134
0 0.32208 0.0213532 0.111642 0.0427064
0 0.411754 0.0233742 0.101945 0.0467485
0 0.552571 0.767346 0.117334 0.101864
0 0.255594 0.030231 0.110785 0.0603719
