0 0.948708 0.580242 0.102585 0.149954
0 0.940924 0.483908 0.106541 0.0996488
0 0.250705 0.615776 0.118349 0.109164
0 0.933019 0.269068 0.116112 0.114473
0 0.740057 0.33251 0.119605 0.113821
0 0.958524 0.160468 0.0798885 0.0786062
0 0.193938 0.540293 0.106822 0.101273
0 0.491476 0.842682 0.127479 0.107712
0 0.793604 0.369671 0.0898474 0.0791363
0 0.871823 0.365308 0.0946682 0.103259
0 0.291456 0.954787 0.0977537 0.0896191
0 0.878508 0.165184 0.0808655 0.0823685
0 0.809944 0.912449 0.0588517 0.054475
0 0.761929 0.338998 0.137424 0.12262
