0 0.939104 0.510709 0.0967907 0.0966686
0 0.431602 0.512106 0.130228 0.13005
0 0.7772 0.596785 0.12668 0.115503
0 0.553026 0.869868 0.115377 0.100906
0 0.64838 0.784379 0.120802 0.118814
0 0.332772 0.357849 0.110849 0.113616
0 0.166759 0.185453 0.110458 0.0955086
0 0.883494 0.935811 0.105927 0.093129
0 0.61272 0.123277 0.108226 0.104653
0 0.900815 0.804417 0.11508 0.121197
0 0.858493 0.535872 0.0840141 0.0872849
0 0.0474565 0.53701 0.094913 0.123303
0 0.289542 0.15739 0.113962 0.106422
0 0.73981 0.846205 0.099126 0.0992359
0 0.841006 0.66353 0.0807263 0.0800768
0 0.914406 0.332889 0.0991247 0.0792342
0 0.462442 0.412203 0.0780035 0.0784302
0 0.752317 0.950297 0.070256 0.071353
0 0.51243 0.103837 0.0784898 0.054005
0 0.688354 0.215951 0.0815542 0.0919964
0 0.263343 0.970441 0.0864224 0.0591174
0 0.0546971 0.642825 0.081275 0.0672197
