0 0.902793 0.950252 0.179723 0.0990334
0 0.490796 0.691702 0.151398 0.14803
0 0.0597996 0.764685 0.119599 0.122632
0 0.915654 0.0725276 0.117435 0.105126
0 0.164779 0.192968 0.119318 0.0995061
0 0.55466 0.802655 0.171436 0.141861
0 0.168228 0.0785427 0.111183 0.108253
0 0.0247673 0.895242 0.0492983 0.100067
0 0.182268 0.449994 0.110426 0.121291
0 0.0275806 0.816316 0.0540883 0.121291
0 0.273694 0.503495 0.114945 0.100875
0 0.952109 0.237779 0.0898495 0.0980637
0 0.950581 0.0248252 0.0988379 0.0487967
0 0.518236 0.590553 0.0891859 0.0828251
0 0.302065 0.411507 0.110289 0.114576
0 0.981814 0.747319 0.0363722 0.11837
0 0.441251 0.929368 0.096516 0.0948429
0 0.645566 0.806337 0.0743302 0.0919452
0 0.330914 0.146802 0.0944026 0.0867595
0 0.348866 0.223498 0.0624011 0.0506245
