0 0.19726 0.362324 0.125335 0.116298
0 0.31034 0.93836 0.16414 0.123281
0 0.847782 0.0632516 0.105846 0.107732
0 0.925246 0.0392782 0.118356 0.0785564
0 0.240234 0.862774 0.122905 0.11305
0 0.76784 0.351326 0.0550675 0.053357
0 0.93031 0.254162 0.0574477 0.0567019
0 0.077017 0.174895 0.0937531 0.0877899
0 0.89084 0.116976 0.10016 0.0762395
0 0.0409937 0.137491 0.0819874 0.104736
0 0.978137 0.743016 0.0437261 0.102613
0 0.516134 0.0283148 0.114262 0.0566168
0 0.758288 0.981213 0.109887 0.0374386
0 0.568383 0.0531904 0.0998358 0.103395
