0 0.0372281 0.161412 0.0744562 0.146088
0 0.410229 0.455882 0.154712 0.134923
0 0.394259 0.627055 0.141671 0.139834
0 0.52786 0.506758 0.152384 0.15398
0 0.120698 0.224972 0.106277 0.100052
0 0.115827 0.117049 0.0929001 0.0924141
0 0.923246 0.341785 0.106709 0.101846
0 0.963819 0.812944 0.0723625 0.137159
0 0.951237 0.269387 0.097057 0.0981524
0 0.824059 0.0398513 0.13522 0.0795716
0 0.90896 0.386591 0.125268 0.0883562
0 0.146609 0.011943 0.11234 0.0238209
0 0.95765 0.0233531 0.0840538 0.0464146
0 0.00741916 0.255769 0.0148383 0.121466
