0 0.308036 0.203126 0.122464 0.127104
0 0.750724 0.292686 0.112273 0.111263
0 0.936775 0.804021 0.109622 0.109503
0 0.429286 0.198751 0.102529 0.116936
0 0.32529 0.279944 0.106498 0.086247
0 0.19926 0.676262 0.0835672 0.0962493
0 0.394867 0.634098 0.1265 0.119768
0 0.966832 0.301366 0.0649529 0.0705592
0 0.966785 0.683048 0.0664166 0.0871038
0 0.574686 0.986826 0.117823 0.0262127
0 0.812605 0.796625 0.0594101 0.0527834
0 0.738653 0.986891 0.124632 0.0261216
0 0.397003 0.0168086 0.109187 0.0334575
0 0.145442 0.529265 0.0955931 0.0837227
0 0.482349 0.248342 0.0920379 0.0939209
