0 0.806452 0.645244 0.0848448 0.0890915
0 0.263525 0.828889 0.0865479 0.089915
0 0.881726 0.115966 0.0628303 0.0686352
0 0.795038 0.215449 0.0772831 0.0783337
0 0.805101 0.102169 0.0761371 0.0710922
0 0.84617 0.156068 0.0846701 0.0785481
0 0.919654 0.411218 0.060919 0.0565427
0 0.483271 0.0541247 0.0775282 0.0856142
0 0.705439 0.595926 0.0716669 0.0637171
0 0.757466 0.42343 0.0445944 0.0413916
0 0.602828 0.779307 0.0640434 0.0637642
0 0.652723 0.0455964 0.0740746 0.0693498
0 0.747436 0.665508 0.0452402 0.0392851
0 0.974563 0.473774 0.0507526 0.0588503
