0 0.207191 0.745384 0.135047 0.103121
0 0.265269 0.183705 0.112076 0.101043
0 0.152062 0.354553 0.115993 0.105664
0 0.961516 0.0979426 0.0769671 0.125867
0 0.596883 0.304334 0.100998 0.0954389
0 0.177027 0.19696 0.11294 0.104642
0 0.832532 0.909758 0.106669 0.0964168
0 0.843335 0.035933 0.120574 0.0716638
0 0.159838 0.933984 0.0741287 0.0805534
0 0.944476 0.947068 0.0913575 0.10456
0 0.0214631 0.427233 0.0428862 0.173955
0 0.255642 0.458478 0.0924586 0.10291
0 0.245371 0.576174 0.0983008 0.083972
0 0.907446 0.228086 0.0836006 0.0807723
0 0.973461 0.0181599 0.0528252 0.0359582
0 0.0302679 0.959124 0.0605284 0.0814417
0 0.844262 0.371594 0.0872433 0.0909762
