0 0.596122 0.13284 0.155858 0.1457
0 0.667142 0.205336 0.140659 0.142315
0 0.782886 0.853057 0.102731 0.0954365
0 0.737574 0.578185 0.10542 0.0906786
0 0.128568 0.0868478 0.149737 0.124647
0 0.629153 0.742227 0.118032 0.106743
0 0.842624 0.621082 0.0987543 0.103713
0 0.117345 0.669951 0.118443 0.111235
0 0.757236 0.666805 0.115445 0.101664
0 0.232656 0.088802 0.0842742 0.0925258
0 0.808601 0.768572 0.0947556 0.0898389
0 0.565657 0.624987 0.0974345 0.0951397
0 0.279181 0.976953 0.110114 0.0459194
0 0.934024 0.591015 0.0939255 0.0900924
0 0.41183 0.749268 0.10996 0.111666
