0 0.567806 0.641775 0.146526 0.130279
0 0.730723 0.531705 0.141209 0.144725
0 0.751981 0.0901575 0.108121 0.107328
0 0.521889 0.892058 0.121675 0.126605
0 0.808782 0.963905 0.128778 0.0720133
0 0.63432 0.753832 0.117725 0.117298
0 0.456564 0.921598 0.0970873 0.114692
0 0.0536187 0.0518913 0.107026 0.103781
0 0.367135 0.144466 0.107877 0.105018
0 0.366894 0.0492956 0.103876 0.0985912
0 0.206547 0.859207 0.109476 0.101249
0 0.50548 0.551774 0.108363 0.0983397
0 0.0584055 0.144992 0.116811 0.1006
0 0.276869 0.862092 0.0838023 0.10048
0 0.992835 0.0411884 0.0143297 0.0823769
