0 0.874971 0.315243 0.130457 0.120976
0 0.710131 0.443127 0.123111 0.110626
0 0.36107 0.0795779 0.119884 0.109709
0 0.155775 0.240806 0.109209 0.113884
0 0.811625 0.483217 0.145122 0.122419
0 0.0462599 0.338202 0.0925068 0.126834
0 0.828888 0.193258 0.131271 0.100857
0 0.428355 0.338051 0.107609 0.0926149
0 0.465507 0.272171 0.111077 0.0957067
0 0.0596916 0.53215 0.116655 0.113567
0 0.348148 0.278037 0.101214 0.092832
0 0.0828083 0.423614 0.112108 0.118666
0 0.546972 0.17878 0.0922155 0.0938064
0 0.0756124 0.305788 0.093299 0.0974348
0 0.880162 0.118459 0.0984311 0.0933006
0 0.649705 0.0247782 0.113193 0.0493679
0 0.524415 0.823906 0.0872959 0.0745575
0 0.284892 0.309269 0.0842419 0.0870836
0 0.541243 0.756443 0.0859011 0.078194
0 0.329578 0.0223214 0.110862 0.0446427
0 0.577421 0.796979 0.0807799 0.0707863
0 0.419588 0.0220072 0.0882183 0.0439868
0 0.246712 0.0275715 0.101037 0.0551429
0 0.936273 0.180901 0.0652817 0.072698
0 0.00560676 0.908759 0.0111297 0.0918512
