0 0.595299 0.45877 0.156651 0.142135
0 0.180987 0.863599 0.165411 0.161018
0 0.62792 0.651738 0.130844 0.114463
0 0.141688 0.774454 0.129284 0.100975
0 0.374159 0.452723 0.116 0.11709
0 0.13695 0.944058 0.115661 0.108107
0 0.0659454 0.640655 0.129003 0.118824
0 0.634766 0.522049 0.116783 0.101058
0 0.426408 0.881885 0.0948017 0.104562
0 0.130243 0.257752 0.104021 0.104203
0 0.955883 0.357379 0.0836193 0.08096
0 0.572036 0.562697 0.0913365 0.0965389
0 0.955405 0.337626 0.0891537 0.117591
0 0.886037 0.785734 0.116812 0.129013
0 0.278284 0.0157448 0.111589 0.0314897
