0 0.21298 0.350809 0.119447 0.124491
0 0.717785 0.720419 0.123521 0.109196
0 0.511593 0.836253 0.123003 0.129752
0 0.115603 0.329359 0.0946073 0.0942917
0 0.119748 0.108465 0.138762 0.117906
0 0.518552 0.452823 0.111834 0.114722
0 0.511744 0.707273 0.136609 0.133444
0 0.117596 0.683957 0.0559334 0.0561007
0 0.585719 0.246881 0.0800373 0.0836682
0 0.932885 0.0992084 0.0614144 0.0558238
0 0.165258 0.254762 0.143978 0.0859604
0 0.694396 0.814389 0.111205 0.0953575
0 0.0402119 0.972625 0.0771799 0.0547503
0 0.13953 0.184454 0.102442 0.0834942
0 0.409295 0.280687 0.0721262 0.0698606
0 0.216258 0.783506 0.0529825 0.0503504
0 0.872953 0.0102823 0.109637 0.0205239
0 0.00825083 0.891893 0.0165017 0.0994896
