0 0.347696 0.765815 0.132315 0.12816
0 0.735848 0.311449 0.146247 0.137359
0 0.852508 0.5508 0.170458 0.172708
0 0.421398 0.132064 0.142291 0.143332
0 0.717227 0.946638 0.166009 0.106724
0 0.476629 0.0507447 0.141434 0.101378
0 0.532275 0.509158 0.118658 0.11781
0 0.842639 0.937896 0.138978 0.124207
0 0.267455 0.073345 0.108088 0.106254
0 0.336435 0.412614 0.16663 0.143194
0 0.955732 0.587654 0.0885361 0.142571
0 0.291268 0.933228 0.10258 0.0941426
0 0.21883 0.911347 0.097189 0.0963777
0 0.479427 0.954623 0.176304 0.0907188
0 0.652566 0.740689 0.0747471 0.0687393
0 0.658073 0.219501 0.130137 0.122592
0 0.144367 0.216068 0.0773211 0.0646352
0 0.252898 0.975088 0.151069 0.0497532
0 0.338391 0.586512 0.0921083 0.0944712
0 0.604719 0.165352 0.104606 0.109134
0 0.940886 0.187599 0.110688 0.12137
0 0.0556964 0.967882 0.106682 0.0642018
0 0.361255 0.338576 0.0942981 0.0909359
0 0.487162 0.19 0.0830534 0.0846076
