0 0.427935 0.300983 0.114644 0.111037
0 0.877953 0.299461 0.115126 0.111249
0 0.513103 0.826044 0.105013 0.0923607
0 0.80973 0.59794 0.114893 0.118478
0 0.795316 0.244116 0.110844 0.111244
0 0.479256 0.940246 0.108324 0.0949688
0 0.93339 0.407124 0.0707763 0.0749033
0 0.730237 0.604228 0.0941552 0.0996435
0 0.399244 0.886899 0.0866388 0.0702854
0 0.840565 0.976096 0.0983053 0.0474496
0 0.453286 0.348147 0.0899054 0.0723932
0 0.498099 0.0283539 0.0770893 0.0566933
0 0.582495 0.957492 0.0885996 0.0846405
0 0.888691 0.0154492 0.115401 0.0308492
