0 0.275872 0.925894 0.133361 0.114865
0 0.289613 0.0634863 0.135559 0.126426
0 0.718758 0.220311 0.0998774 0.106258
0 0.0742832 0.636346 0.10159 0.094083
0 0.873127 0.479869 0.108146 0.107368
0 0.0520141 0.473135 0.0876903 0.077081
0 0.25293 0.976952 0.149824 0.0457594
0 0.742519 0.275327 0.0909363 0.0901384
0 0.121353 0.0391212 0.108762 0.0780948
0 0.924571 0.488815 0.0727825 0.0925232
0 0.938303 0.981315 0.120216 0.0373707
0 0.0660187 0.284556 0.086927 0.0603677
0 0.0360821 0.531749 0.0721191 0.0872477
0 0.0117926 0.0760852 0.0235852 0.102664
