0 0.659096 0.833429 0.113842 0.114168
0 0.864876 0.339964 0.118529 0.105814
0 0.422921 0.644453 0.110334 0.114308
0 0.467839 0.465239 0.130511 0.108617
0 0.909745 0.601848 0.0850075 0.0903552
0 0.679869 0.240018 0.0950596 0.0914201
0 0.454254 0.563663 0.115039 0.0932509
0 0.530137 0.654171 0.113669 0.104552
0 0.936796 0.923919 0.104765 0.0790264
0 0.596084 0.648294 0.085079 0.104064
0 0.545792 0.773631 0.0967622 0.0897513
0 0.978706 0.531773 0.042535 0.0898535
0 0.974543 0.622648 0.0509132 0.103204
0 0.931367 0.974946 0.11899 0.0501083
0 0.782445 0.840019 0.0658316 0.0714903
0 0.0703824 0.122406 0.091551 0.0915362
0 0.170317 0.255519 0.125546 0.13136
0 0.41333 0.957615 0.0794027 0.0846626
0 0.842045 0.0554913 0.0644822 0.0742609
0 0.698283 0.104137 0.0532823 0.0596766
0 0.646428 0.753319 0.078563 0.0678272
0 0.3861 0.155748 0.0715397 0.0539517
0 0.105942 0.657677 0.100787 0.10191
0 0.0102917 0.147783 0.0205549 0.0946083
