0 0.362502 0.25894 0.139502 0.12036
0 0.375344 0.372421 0.125916 0.113242
0 0.723784 0.440504 0.193276 0.163107
0 0.24904 0.546591 0.143726 0.131809
0 0.0532869 0.159096 0.10653 0.113249
0 0.896942 0.481936 0.119882 0.12468
0 0.930162 0.779181 0.111228 0.109684
0 0.703705 0.58642 0.157112 0.131152
0 0.863645 0.215004 0.130209 0.126979
0 0.383824 0.969679 0.127495 0.0605537
0 0.461851 0.431908 0.0840377 0.090965
0 0.671433 0.674551 0.12327 0.111503
0 0.540288 0.411123 0.122636 0.139761
0 0.0354955 0.407694 0.0689498 0.0691261
