0 0.578448 0.611389 0.11541 0.0983607
0 0.66863 0.103185 0.103722 0.0983132
0 0.811419 0.472351 0.115519 0.101005
0 0.296186 0.555977 0.125324 0.109165
0 0.0416689 0.305512 0.0833379 0.121916
0 0.270433 0.460764 0.11726 0.110662
0 0.325311 0.894495 0.108649 0.112831
0 0.626845 0.161612 0.109269 0.0931155
0 0.267343 0.143003 0.0984067 0.0915833
0 0.320815 0.32372 0.0949446 0.102615
0 0.073521 0.0580568 0.114328 0.0989583
0 0.0585805 0.39644 0.068343 0.0953666
0 0.182562 0.427781 0.0939609 0.0888774
0 0.283613 0.679941 0.110194 0.103193
0 0.46332 0.275443 0.0815287 0.093935
0 0.389027 0.940285 0.0893655 0.083488
0 0.212575 0.78934 0.079839 0.0969592
0 0.172229 0.581462 0.10012 0.105566
0 0.453183 0.0379672 0.120794 0.0757457
0 0.151049 0.300294 0.134555 0.111263
0 0.150667 0.202221 0.0827645 0.0695282
0 0.0179073 0.411812 0.0355973 0.128782
0 0.0144329 0.535294 0.0288009 0.116538
0 0.266775 0.20244 0.103753 0.0850572
0 0.180969 0.362404 0.0894216 0.0649707
0 0.568224 0.0341322 0.102101 0.0682043
0 0.291713 0.788865 0.0919311 0.0919361
0 0.141305 0.990147 0.121555 0.0196759
0 0.307286 0.033887 0.0718463 0.066072
0 0.33716 0.514644 0.0727259 0.0846161
0 0.353212 0.527942 0.0541974 0.0708424
0 0.346348 0.522166 0.0654819 0.0857126
0 0.303016 0.204096 0.0748553 0.0885676
0 0.28416 0.208719 0.0990531 0.0972457
