0 0.493167 0.692386 0.159705 0.145798
0 0.164938 0.192743 0.121365 0.102923
0 0.168072 0.0781809 0.114989 0.1079
0 0.0615184 0.762863 0.119466 0.11672
0 0.183063 0.449265 0.118076 0.123006
0 0.9137 0.0751363 0.113538 0.106466
0 0.905125 0.949938 0.174698 0.100125
0 0.316877 0.170336 0.134323 0.131329
0 0.27264 0.507514 0.111223 0.0982664
0 0.289118 0.400613 0.136323 0.127514
0 0.0268267 0.81719 0.0536534 0.122753
0 0.954157 0.238717 0.0903534 0.0950458
0 0.55543 0.802377 0.177782 0.138048
0 0.0248347 0.897562 0.0496695 0.0996186
0 0.95006 0.0232987 0.0995339 0.0464731
0 0.414657 0.943958 0.135005 0.111809
0 0.981514 0.748376 0.0369192 0.118742
0 0.973461 0.873885 0.0530788 0.100801
