0 0.483703 0.602877 0.0986643 0.0854554
0 0.466987 0.680925 0.09874 0.0967899
0 0.587374 0.95639 0.120517 0.087221
0 0.686345 0.958639 0.100291 0.0824763
0 0.155073 0.15218 0.0984024 0.116446
0 0.952125 0.63104 0.0936806 0.0996258
0 0.750632 0.192995 0.0822017 0.0798464
0 0.0387876 0.875015 0.0603419 0.057328
0 0.0740091 0.77441 0.0692049 0.067781
0 0.0268969 0.922958 0.0537939 0.0672756
0 0.607292 0.100121 0.0776516 0.092196
0 0.844818 0.639754 0.098103 0.0933328
0 0.291743 0.155354 0.0739506 0.0883836
0 0.285571 0.968229 0.090402 0.063378
0 0.0347984 0.392554 0.0695855 0.0842725
0 0.672761 0.557039 0.0700968 0.0595179
0 0.759331 0.971481 0.0895677 0.0570383
0 0.230205 0.721429 0.078959 0.0942587
0 0.250283 0.713995 0.119353 0.10809
