0 0.632187 0.834317 0.122076 0.120163
0 0.493054 0.266921 0.127287 0.119672
0 0.925909 0.527653 0.123444 0.124779
0 0.658957 0.324791 0.124715 0.121895
0 0.59817 0.928037 0.121299 0.106234
0 0.664322 0.633839 0.0915103 0.0865036
0 0.849426 0.17795 0.0969204 0.098742
0 0.894303 0.0610626 0.100002 0.0956982
0 0.933444 0.365709 0.0895199 0.0905572
0 0.734698 0.514976 0.0767241 0.073003
0 0.0744511 0.889979 0.082351 0.0838228
0 0.230129 0.924921 0.0841476 0.0835161
0 0.0530003 0.983101 0.106001 0.0335941
0 0.111854 0.0618652 0.0588616 0.0607646
0 0.322294 0.0306462 0.105833 0.0610121
0 0.552261 0.964344 0.0851924 0.0706823
0 0.325319 0.020579 0.110716 0.0411581
0 0.328788 0.013265 0.124832 0.0265008
0 0.926938 0.988838 0.0965462 0.0219665
0 0.43748 0.982285 0.109172 0.0354298
