0 0.330981 0.358552 0.112019 0.11226
0 0.777112 0.597004 0.128978 0.114906
0 0.938952 0.510057 0.0982725 0.0957014
0 0.6155 0.122893 0.109901 0.104204
0 0.431157 0.511257 0.12389 0.123241
0 0.168421 0.18532 0.108513 0.0955931
0 0.553284 0.86876 0.11761 0.0997192
0 0.88393 0.935071 0.106201 0.0932022
0 0.648267 0.784145 0.122568 0.120209
0 0.0442498 0.537368 0.0884997 0.119972
0 0.292219 0.162528 0.117525 0.0945055
0 0.738886 0.848177 0.105574 0.101361
0 0.898416 0.80619 0.117489 0.122751
0 0.917915 0.34922 0.112895 0.122525
0 0.692864 0.214096 0.0778482 0.0898494
0 0.858132 0.534811 0.0863571 0.0858974
0 0.0525978 0.646955 0.0859465 0.0751038
0 0.838295 0.6626 0.0774667 0.0786179
0 0.747625 0.951297 0.088267 0.0867499
0 0.459608 0.412078 0.0699608 0.0711616
0 0.50994 0.107024 0.0869047 0.0584185
0 0.26414 0.972523 0.0889273 0.054528
0 0.745283 0.767767 0.0760068 0.0794138
0 0.113036 0.545237 0.0807919 0.0781122
0 0.762806 0.370835 0.0623106 0.0530401
0 0.496944 0.143559 0.0552284 0.0567659
0 0.132627 0.86773 0.118434 0.120288
0 0.278813 0.678978 0.0511995 0.0564652
0 0.806797 0.782021 0.0929164 0.085394
