0 0.160069 0.112576 0.133587 0.12212
0 0.427486 0.737815 0.0967573 0.103571
0 0.196913 0.181141 0.125078 0.108328
0 0.64011 0.849399 0.100485 0.081521
0 0.0454387 0.54367 0.0677853 0.0679772
0 0.359844 0.194739 0.0911664 0.0811951
0 0.77553 0.910115 0.0785703 0.0731369
0 0.700725 0.09272 0.0828084 0.0885938
0 0.356474 0.88078 0.0561652 0.0580971
0 0.674882 0.97473 0.105493 0.0500309
0 0.673157 0.927707 0.0972241 0.0762879
0 0.793035 0.0254399 0.0758535 0.0508283
0 0.593381 0.972281 0.0995602 0.0554384
0 0.219305 0.693134 0.0616179 0.0654759
0 0.800504 0.973667 0.0754502 0.0523319
0 0.757482 0.0993493 0.0663273 0.0725835
0 0.163489 0.0306795 0.0706114 0.0612718
0 0.0174444 0.49912 0.0346534 0.0727396
