0 0.952257 0.322596 0.0953455 0.137388
0 0.189448 0.750561 0.122968 0.114081
0 0.670458 0.64595 0.101331 0.091032
0 0.950499 0.86609 0.0990024 0.101233
0 0.895778 0.806536 0.0880537 0.0936241
0 0.263956 0.62682 0.121778 0.106738
0 0.475618 0.562587 0.103971 0.102907
0 0.464907 0.659272 0.111253 0.110337
0 0.335807 0.786895 0.0957498 0.0917125
0 0.749961 0.621448 0.0422254 0.0458733
0 0.965808 0.817831 0.0683843 0.0931963
0 0.830431 0.817754 0.0703422 0.0668921
0 0.984632 0.214912 0.0307354 0.108883
0 0.0125737 0.698569 0.0251473 0.121389
0 0.011679 0.713259 0.0233579 0.0909746
