0 0.338525 0.710974 0.129885 0.131692
0 0.304226 0.893002 0.116426 0.107394
0 0.74156 0.0978485 0.118737 0.117921
0 0.448812 0.671365 0.120943 0.109483
0 0.509161 0.592185 0.127749 0.106938
0 0.650521 0.807422 0.100868 0.110937
0 0.788601 0.147706 0.0951562 0.0947042
0 0.652929 0.540506 0.0731927 0.0702862
0 0.610756 0.899821 0.107781 0.105173
0 0.659734 0.186808 0.118564 0.11964
0 0.330634 0.595629 0.150409 0.126387
0 0.39669 0.910242 0.102769 0.112261
0 0.143825 0.6088 0.0789749 0.0767291
0 0.762924 0.495871 0.0931206 0.089711
0 0.803159 0.0323852 0.0935737 0.0646545
0 0.454412 0.986019 0.0853966 0.0279415
0 0.626176 0.0138784 0.111898 0.0276489
0 0.318853 0.439968 0.084254 0.081741
0 0.297175 0.564346 0.0903705 0.0668287
