0 0.815321 0.0550672 0.119577 0.110134
0 0.545551 0.0586939 0.143214 0.117388
0 0.3707 0.819748 0.0765327 0.0747501
0 0.0539613 0.597976 0.103402 0.0961826
0 0.0753197 0.868792 0.094708 0.0982925
0 0.0460431 0.306636 0.0910681 0.0937092
0 0.0688968 0.691417 0.100365 0.101684
0 0.426997 0.851943 0.0847084 0.0783062
0 0.42227 0.792827 0.0721339 0.061837
0 0.0739257 0.375802 0.0859147 0.0831399
0 0.484688 0.927201 0.0546845 0.0557846
0 0.195598 0.0592095 0.0749972 0.0704957
0 0.0209479 0.883633 0.0418221 0.0984222
0 0.106069 0.948088 0.0623977 0.0807354
0 0.924043 0.308182 0.10153 0.0797799
0 0.524378 0.337122 0.0475515 0.041777
0 0.75475 0.0778904 0.091917 0.0931017
0 0.282714 0.792369 0.0525641 0.0485842
0 0.602199 0.957568 0.0849266 0.0692309
0 0.396553 0.869744 0.048217 0.0479012
0 0.32538 0.420551 0.0482722 0.0441088
0 0.0129028 0.659084 0.0257135 0.116925
0 0.270427 0.821826 0.0397115 0.0347278
0 0.826841 0.485403 0.0659376 0.0771811
0 0.839316 0.17121 0.0715168 0.0728794
0 0.384674 0.206828 0.072282 0.0662442
0 0.806551 0.426155 0.0917549 0.0896198
0 0.461917 0.274579 0.0477808 0.0398481
0 0.137566 0.0258797 0.0741324 0.0515322
0 0.901221 0.144686 0.0635729 0.0625624
0 0.618907 0.990625 0.100058 0.0187505
0 0.394942 0.205916 0.0937864 0.0740904
