0 0.154703 0.314174 0.106074 0.10172
0 0.616722 0.280086 0.131816 0.125329
0 0.610038 0.128059 0.12852 0.12123
0 0.840845 0.358735 0.109082 0.100666
0 0.924957 0.969267 0.114124 0.061467
0 0.737853 0.417763 0.131184 0.119019
0 0.944036 0.252366 0.102068 0.0878682
0 0.766431 0.971522 0.109769 0.0567513
0 0.899311 0.410149 0.092752 0.100742
0 0.893955 0.261023 0.0748459 0.086065
0 0.353072 0.328757 0.0822419 0.0895104
0 0.199263 0.355485 0.0757328 0.0822528
0 0.967486 0.326066 0.0647175 0.107125
0 0.722217 0.502725 0.0942212 0.0724438
0 0.150222 0.238959 0.0688716 0.0678293
0 0.987686 0.399963 0.0246279 0.096698
