0 0.271453 0.333307 0.163941 0.131235
0 0.547784 0.284269 0.128665 0.106059
0 0.0453722 0.494514 0.0907444 0.114115
0 0.108027 0.625899 0.0968693 0.0937746
0 0.237204 0.683891 0.139379 0.118543
0 0.927305 0.372091 0.110027 0.111482
0 0.737132 0.895453 0.115589 0.101777
0 0.80698 0.94477 0.10269 0.0996002
0 0.438478 0.724656 0.11694 0.111595
0 0.357233 0.452388 0.112067 0.107448
0 0.291129 0.529935 0.111626 0.094446
0 0.673179 0.242311 0.106623 0.107734
0 0.485734 0.685037 0.113687 0.0950619
0 0.723368 0.972582 0.122662 0.0548356
0 0.0398491 0.555556 0.0795157 0.0746263
0 0.033715 0.965003 0.0674299 0.0699642
0 0.636202 0.0195992 0.135826 0.039127
