0 0.912544 0.54775 0.167382 0.148199
0 0.310972 0.167547 0.151942 0.132708
0 0.327155 0.646531 0.166206 0.146815
0 0.699579 0.906782 0.146051 0.0978123
0 0.396316 0.76431 0.120466 0.115611
0 0.566923 0.421465 0.134317 0.135329
0 0.352325 0.470993 0.128831 0.122829
0 0.762947 0.754173 0.104966 0.0963731
0 0.765568 0.661782 0.110032 0.110007
0 0.47908 0.486412 0.118565 0.112099
0 0.611909 0.73581 0.104906 0.108819
0 0.476058 0.79785 0.102494 0.102913
0 0.293269 0.734905 0.102339 0.0993746
0 0.506631 0.0780485 0.100699 0.104702
0 0.442907 0.599374 0.0990665 0.104037
0 0.973418 0.0485017 0.0531273 0.0970035
0 0.0239772 0.424975 0.0478358 0.0980852
0 0.520382 0.0146077 0.144111 0.0290692
0 0.365277 0.326127 0.15192 0.147525
0 0.257565 0.486286 0.0972558 0.102153
