0 0.437796 0.653287 0.119394 0.105169
0 0.706253 0.142087 0.130972 0.107217
0 0.236799 0.0664693 0.0958547 0.10391
0 0.704843 0.0491824 0.134614 0.0982436
0 0.0521709 0.445682 0.0734947 0.0691071
0 0.146876 0.725185 0.0855958 0.0785623
0 0.536207 0.212876 0.0819676 0.0770723
0 0.47427 0.230192 0.0740109 0.0886398
0 0.0949937 0.793179 0.108474 0.0967716
0 0.790661 0.528481 0.0986831 0.0865515
0 0.255104 0.654756 0.095231 0.0973935
0 0.182117 0.400728 0.0850882 0.0759151
0 0.24368 0.972346 0.0865368 0.0548504
0 0.424202 0.74937 0.0988877 0.0992527
0 0.868429 0.72717 0.065945 0.064078
0 0.321551 0.0634636 0.0903898 0.0830252
0 0.971747 0.560408 0.0557861 0.0630443
0 0.107998 0.393668 0.0655425 0.0727545
0 0.691635 0.946742 0.0600327 0.0665817
0 0.677128 0.385851 0.0812669 0.0818727
0 0.102394 0.677248 0.0732381 0.0721835
0 0.678873 0.518569 0.0815231 0.0741317
0 0.757027 0.915394 0.0587614 0.0641865
0 0.776232 0.0718573 0.061638 0.0708024
0 0.354356 0.110364 0.04429 0.064914
0 0.51622 0.160841 0.0588735 0.0539967
0 0.227144 0.9313 0.0593187 0.0552071
0 0.306142 0.955643 0.0701634 0.0729725
0 0.118751 0.988821 0.0638582 0.0223585
0 0.11314 0.978793 0.0611637 0.0424137
0 0.00951518 0.470571 0.0190304 0.0524315
0 0.115241 0.985354 0.0613808 0.0292929
0 0.550582 0.789673 0.0857689 0.0878177
