0 0.936213 0.911474 0.127573 0.108918
0 0.433691 0.396718 0.145908 0.121777
0 0.733903 0.565963 0.122291 0.109371
0 0.0480872 0.24058 0.0959908 0.120678
0 0.520678 0.662567 0.0929061 0.0815791
0 0.469479 0.72491 0.110252 0.0956826
0 0.113518 0.385971 0.101042 0.101967
0 0.427523 0.258818 0.114188 0.123467
0 0.869001 0.568295 0.135773 0.133667
0 0.343362 0.669158 0.0758519 0.079855
0 0.799424 0.712909 0.125149 0.114744
0 0.0270944 0.360964 0.0541533 0.0890548
0 0.621088 0.0429317 0.111915 0.0857455
0 0.0386905 0.433819 0.077381 0.0738352
0 0.971031 0.819963 0.0579375 0.135818
0 0.157304 0.448821 0.0881241 0.0823012
0 0.1765 0.522279 0.104049 0.094153
0 0.531994 0.0620155 0.090946 0.0950387
0 0.985159 0.964158 0.0291222 0.0714239
