0 0.298043 0.764548 0.147483 0.142198
0 0.193445 0.0606487 0.113941 0.111168
0 0.170957 0.755254 0.136772 0.121357
0 0.682343 0.349725 0.111004 0.123361
0 0.627547 0.668408 0.133317 0.129162
0 0.309624 0.306175 0.141523 0.125952
0 0.503046 0.946332 0.100104 0.10548
0 0.808473 0.754324 0.102083 0.107275
0 0.242639 0.44589 0.0800543 0.0737225
0 0.283573 0.114464 0.115203 0.114748
0 0.466132 0.877754 0.103218 0.10126
0 0.437797 0.311536 0.105859 0.101066
0 0.711483 0.83128 0.0937131 0.0919952
0 0.712051 0.576793 0.101676 0.105657
0 0.681143 0.761585 0.103265 0.105012
0 0.554794 0.496816 0.100791 0.0969699
0 0.40051 0.0300607 0.120658 0.0600046
0 0.95984 0.0618036 0.0802078 0.10031
0 0.60342 0.027107 0.100652 0.0541164
0 0.938557 0.161818 0.094062 0.0910542
0 0.857265 0.574574 0.0970508 0.0971214
0 0.295558 0.01966 0.0991993 0.03932
0 0.69032 0.491101 0.0938597 0.0989141
