0 0.778078 0.427387 0.117457 0.115544
0 0.0518453 0.391386 0.103691 0.102129
0 0.131927 0.549892 0.106721 0.105041
0 0.497223 0.308702 0.0868868 0.0850208
0 0.808058 0.714037 0.108689 0.0959778
0 0.810229 0.499313 0.108911 0.0977184
0 0.915886 0.557834 0.108712 0.0960009
0 0.774268 0.792048 0.113929 0.0809042
0 0.236251 0.561534 0.0797978 0.0898371
0 0.386737 0.586499 0.0799846 0.0930067
0 0.393078 0.51413 0.0662676 0.0637209
0 0.80135 0.64277 0.0771759 0.0696062
0 0.560568 0.0474566 0.0534671 0.0652873
0 0.0158648 0.524993 0.0317296 0.112534
