0 0.33023 0.529748 0.130624 0.116439
0 0.546425 0.646529 0.119351 0.103757
0 0.449106 0.629926 0.102938 0.0944525
0 0.193583 0.165089 0.0989524 0.0961638
0 0.19685 0.954018 0.0758617 0.0739924
0 0.195576 0.50761 0.0985514 0.0911743
0 0.140994 0.901089 0.0846451 0.0862125
0 0.588086 0.483507 0.0924423 0.0933484
0 0.522822 0.726459 0.0964154 0.0870578
0 0.236713 0.595107 0.0818014 0.0819823
0 0.670066 0.969845 0.0815536 0.0603099
0 0.979309 0.838747 0.0413811 0.0949475
0 0.129655 0.97098 0.075622 0.0580394
0 0.207474 0.463801 0.0827869 0.0623291
0 0.16001 0.247509 0.097879 0.0968746
0 0.598282 0.914632 0.0779637 0.0708668
0 0.365713 0.486938 0.0768391 0.0526927
0 0.691514 0.874217 0.0869567 0.0849636
0 0.547743 0.951246 0.0735659 0.0662034
0 0.580074 0.989438 0.104414 0.0211248
0 0.655918 0.877617 0.077763 0.0808674
