0 0.241449 0.933939 0.150272 0.132122
0 0.455586 0.481295 0.13141 0.106695
0 0.444794 0.109187 0.113923 0.102945
0 0.537375 0.307249 0.101401 0.0926912
0 0.155005 0.194488 0.116599 0.102503
0 0.437054 0.39024 0.127036 0.108217
0 0.860535 0.825873 0.121931 0.114265
0 0.830387 0.921146 0.112828 0.0991577
0 0.948485 0.83351 0.0983694 0.103081
0 0.738839 0.166817 0.150164 0.122118
0 0.820653 0.254585 0.129535 0.122597
0 0.17293 0.282062 0.100848 0.0984342
0 0.772747 0.801593 0.112528 0.11741
0 0.526799 0.061378 0.0989919 0.0838828
0 0.133963 0.470222 0.101701 0.0978004
0 0.484063 0.0272567 0.103965 0.0545134
0 0.203203 0.166673 0.104754 0.103379
0 0.0192227 0.448379 0.0384078 0.0930559
0 0.712366 0.260803 0.105501 0.0892784
0 0.0654409 0.866747 0.0983533 0.102354
0 0.49639 0.123449 0.0685173 0.0656205
0 0.870571 0.772692 0.0856662 0.0559869
0 0.603654 0.0778012 0.0718001 0.0447401
0 0.588781 0.104588 0.068364 0.0467383
0 0.262133 0.441342 0.05561 0.0585818
0 0.755785 0.447781 0.0939196 0.0831236
0 0.00683987 0.520893 0.0136525 0.0925896
0 0.620734 0.147837 0.0904074 0.0744931
