0 0.648858 0.631217 0.164997 0.138989
0 0.611747 0.359782 0.141387 0.137887
0 0.701576 0.511799 0.144165 0.127617
0 0.700682 0.209721 0.122996 0.112377
0 0.498127 0.3327 0.122483 0.119241
0 0.654502 0.947814 0.193001 0.104371
0 0.876366 0.0381047 0.108953 0.0760922
0 0.605887 0.0572829 0.190104 0.113338
0 0.934563 0.0168332 0.124391 0.0336368
0 0.680989 0.303431 0.0953005 0.0849815
0 0.94829 0.20579 0.0826004 0.0901326
0 0.318406 0.0095004 0.123942 0.0190008
0 0.0393708 0.223588 0.0787417 0.102056
0 0.975986 0.846186 0.0480273 0.176859
0 0.984442 0.795729 0.031117 0.0825481
0 0.982405 0.809448 0.03519 0.108255
