0 0.672374 0.784878 0.110014 0.106102
0 0.666754 0.676864 0.127391 0.133963
0 0.708594 0.939157 0.142196 0.121685
0 0.519273 0.300832 0.108781 0.109194
0 0.126276 0.692948 0.104928 0.0952349
0 0.689672 0.355901 0.13141 0.113305
0 0.592659 0.397572 0.112741 0.103847
0 0.662904 0.486328 0.108987 0.116725
0 0.926623 0.909415 0.0930563 0.0931618
0 0.840337 0.880304 0.112993 0.0890945
0 0.803614 0.40203 0.110263 0.0904084
0 0.418914 0.316885 0.112249 0.133567
0 0.594286 0.0299249 0.105428 0.0598497
0 0.389063 0.710286 0.0813794 0.0923681
0 0.190462 0.309821 0.105749 0.102902
0 0.464786 0.236592 0.0611646 0.0650482
0 0.120681 0.318701 0.08053 0.100429
0 0.552863 0.937526 0.0557082 0.0459602
0 0.835899 0.964709 0.089721 0.0703179
0 0.31493 0.200612 0.0715116 0.0648446
0 0.16951 0.651968 0.0692684 0.0528748
0 0.564967 0.0484103 0.0708155 0.0676331
0 0.512228 0.0133904 0.0532537 0.0266672
0 0.984965 0.425776 0.0299134 0.0533198
0 0.911354 0.976679 0.0945816 0.0464142
0 0.0763678 0.360474 0.0452896 0.047604
