0 0.949484 0.434405 0.101032 0.120491
0 0.723778 0.306718 0.138644 0.123149
0 0.833602 0.371398 0.143446 0.126975
0 0.483788 0.254586 0.104228 0.101044
0 0.0391436 0.550951 0.0782872 0.12905
0 0.308993 0.757991 0.0834067 0.0808579
0 0.716817 0.960926 0.0999672 0.0779657
0 0.618334 0.644632 0.0940722 0.0931016
0 0.124912 0.958623 0.0925022 0.0827545
0 0.0376145 0.415438 0.0752289 0.112396
0 0.790848 0.24956 0.076393 0.0791148
0 0.965531 0.539364 0.0688007 0.128513
0 0.94422 0.915581 0.110283 0.0869846
0 0.832877 0.120844 0.0886151 0.0805647
0 0.403352 0.504355 0.0718178 0.0813184
0 0.970261 0.950492 0.0594772 0.0745167
0 0.0435056 0.124686 0.0864904 0.0887277
0 0.745206 0.111639 0.0819224 0.071289
0 0.769862 0.0672458 0.0876974 0.0823191
0 0.98367 0.198406 0.0326591 0.0940919
0 0.100575 0.612005 0.0886864 0.0821283
0 0.928053 0.916649 0.0780022 0.0828778
0 0.010996 0.0906995 0.0219184 0.0878066
0 0.547484 0.986697 0.0912869 0.0266059
0 0.5494 0.978019 0.0915831 0.043962
0 0.581159 0.979254 0.109031 0.0414925
0 0.55655 0.992056 0.0995606 0.0158884
