0 0.136624 0.873328 0.136416 0.127092
0 0.6924 0.764955 0.105259 0.102787
0 0.58505 0.26814 0.113756 0.129959
0 0.0880909 0.086998 0.128604 0.131792
0 0.777956 0.715697 0.121768 0.110655
0 0.241472 0.449476 0.108966 0.0995084
0 0.355655 0.46218 0.131282 0.118768
0 0.221982 0.0849182 0.127667 0.135723
0 0.0323761 0.480273 0.0647523 0.120738
0 0.947306 0.789327 0.10295 0.0936038
0 0.392843 0.596328 0.116164 0.118645
0 0.206149 0.538859 0.124705 0.105035
0 0.969742 0.70477 0.0605099 0.0997202
0 0.217581 0.310498 0.107678 0.0824133
0 0.0853967 0.842137 0.143162 0.119906
0 0.174573 0.417739 0.0886689 0.0949087
0 0.586748 0.112267 0.0849464 0.0860133
0 0.28797 0.399175 0.0919988 0.0838656
0 0.919779 0.735867 0.0770966 0.0847079
0 0.490599 0.26622 0.0902737 0.0957943
0 0.56435 0.775843 0.0647753 0.0667236
