0 0.742709 0.88929 0.105152 0.109983
0 0.872287 0.740845 0.13738 0.115332
0 0.729883 0.612208 0.150969 0.135367
0 0.817429 0.540252 0.141733 0.131708
0 0.169835 0.922812 0.0846747 0.0813942
0 0.329189 0.650434 0.0896048 0.0905277
0 0.0504033 0.695965 0.100807 0.0961118
0 0.0667878 0.31835 0.116177 0.121722
0 0.420002 0.4105 0.120211 0.10956
0 0.277507 0.663329 0.0948578 0.0970942
0 0.627573 0.863603 0.0938061 0.0875231
0 0.0985051 0.644216 0.091226 0.0880604
0 0.420043 0.337503 0.119575 0.0996519
0 0.323986 0.916162 0.0404533 0.0335022
