0 0.755421 0.71726 0.167566 0.13859
0 0.761388 0.191242 0.141921 0.135736
0 0.457883 0.0937195 0.150959 0.140103
0 0.809515 0.614152 0.149475 0.13335
0 0.0532503 0.506131 0.106501 0.191745
0 0.728906 0.502447 0.11501 0.106719
0 0.618665 0.425377 0.15493 0.122088
0 0.825418 0.318918 0.126154 0.114916
0 0.0369185 0.216641 0.073837 0.11771
0 0.267448 0.0682716 0.167305 0.108703
0 0.583963 0.0330506 0.12696 0.0660883
0 0.27824 0.0277915 0.173259 0.0554896
0 0.933438 0.515243 0.0897205 0.088798
0 0.0519162 0.869413 0.103439 0.111243
0 0.0312483 0.802176 0.0624967 0.144491
