0 0.0737342 0.27128 0.124038 0.118339
0 0.752827 0.54244 0.114286 0.111441
0 0.309233 0.105251 0.10517 0.111062
0 0.115567 0.140702 0.113603 0.121103
0 0.120548 0.690805 0.119867 0.12218
0 0.464836 0.643408 0.112596 0.104762
0 0.0411923 0.11105 0.0823353 0.115645
0 0.8283 0.124191 0.117682 0.119331
0 0.0574141 0.842344 0.109841 0.117547
0 0.429795 0.948073 0.109999 0.103854
0 0.0645737 0.651253 0.126077 0.120045
0 0.225754 0.158538 0.115828 0.110505
0 0.382693 0.735611 0.120921 0.112928
0 0.0472518 0.573309 0.0945037 0.104147
0 0.762136 0.893954 0.0617041 0.0592362
0 0.767148 0.201342 0.0528011 0.0498049
0 0.723006 0.321775 0.0602377 0.0643841
0 0.902351 0.138557 0.0820391 0.0848608
0 0.147388 0.949778 0.0899913 0.0839218
0 0.307875 0.870302 0.0905809 0.0945889
0 0.700155 0.0331984 0.0515139 0.0538097
0 0.792338 0.62038 0.0891142 0.0767006
0 0.901696 0.0721374 0.0869316 0.0837316
0 0.763209 0.101956 0.0580696 0.0641335
0 0.944251 0.513766 0.0534821 0.0494831
0 0.0306071 0.0264625 0.0612142 0.052925
