0 0.626793 0.826538 0.139365 0.128684
0 0.344349 0.21027 0.125075 0.115497
0 0.952897 0.217703 0.094206 0.102001
0 0.696514 0.412857 0.130048 0.127814
0 0.638768 0.672906 0.134686 0.118464
0 0.212777 0.844234 0.10187 0.107108
0 0.282332 0.32777 0.111734 0.111567
0 0.247624 0.190213 0.109437 0.12003
0 0.0931823 0.240599 0.104918 0.0967016
0 0.914258 0.467718 0.0794811 0.0871719
0 0.327698 0.774705 0.109417 0.090519
0 0.572752 0.0105421 0.143746 0.0210328
0 0.362323 0.873717 0.0742895 0.0772194
0 0.0358235 0.645634 0.0716469 0.111425
