0 0.485182 0.401477 0.111424 0.119856
0 0.681266 0.0875973 0.142153 0.140528
0 0.889644 0.789313 0.0849311 0.0885669
0 0.918178 0.881333 0.0982216 0.0956948
0 0.816632 0.0426375 0.0973373 0.0852751
0 0.949051 0.817661 0.0954809 0.0893556
0 0.964975 0.919075 0.0699158 0.122972
0 0.328991 0.878004 0.0787903 0.0746816
0 0.191207 0.740368 0.0625778 0.0645601
0 0.166945 0.327962 0.0869265 0.0848321
0 0.818132 0.662269 0.0519163 0.053651
0 0.496764 0.978328 0.0943085 0.0433448
0 0.399483 0.855945 0.0622964 0.0658955
0 0.638342 0.319544 0.0862964 0.091216
0 0.207749 0.696718 0.0790001 0.0839595
0 0.146203 0.861621 0.0654457 0.0799686
0 0.95421 0.564691 0.0502762 0.0568096
0 0.555685 0.77402 0.0675464 0.0656153
0 0.791279 0.976892 0.125281 0.0459554
0 0.708485 0.97935 0.100639 0.041299
0 0.926787 0.661977 0.0508018 0.0441307
0 0.890419 0.0324119 0.0837787 0.0641934
0 0.714006 0.790275 0.0553457 0.0582674
0 0.688316 0.6513 0.053332 0.0526978
