0 0.368278 0.389102 0.106684 0.104876
0 0.586463 0.96037 0.12242 0.0790081
0 0.221372 0.53552 0.108771 0.105676
0 0.358718 0.907791 0.0872518 0.0926968
0 0.640265 0.0345204 0.120015 0.0690409
0 0.28494 0.573485 0.0972107 0.104885
0 0.229524 0.470651 0.0911276 0.0774204
0 0.435133 0.412294 0.081915 0.0788643
0 0.519307 0.314077 0.0671601 0.0619144
0 0.0604176 0.096715 0.0985871 0.102265
0 0.72749 0.962776 0.0944723 0.0744486
0 0.847105 0.360584 0.0744547 0.0620775
0 0.922675 0.077898 0.0647839 0.0609461
0 0.259723 0.941482 0.0806697 0.0811505
0 0.739101 0.592739 0.0779158 0.0754011
0 0.112565 0.989778 0.0963001 0.0204433
0 0.896343 0.119479 0.0569522 0.0493245
0 0.160224 0.400024 0.070107 0.0757111
0 0.619446 0.171439 0.0654386 0.0639654
0 0.542058 0.155077 0.050863 0.0431991
