0 0.405477 0.288025 0.128266 0.114426
0 0.333846 0.0519308 0.117385 0.10344
0 0.447841 0.0508118 0.106021 0.0976873
0 0.229765 0.322857 0.153979 0.133453
0 0.536243 0.0515698 0.0920609 0.0995382
0 0.952429 0.241217 0.0948921 0.112519
0 0.498089 0.68981 0.0860405 0.0910219
0 0.34607 0.405189 0.116593 0.108439
0 0.552298 0.325067 0.0947821 0.0901862
0 0.23732 0.442967 0.122433 0.118098
0 0.0574735 0.0649585 0.114947 0.118887
0 0.440904 0.610676 0.076677 0.0760894
0 0.545701 0.214049 0.0840451 0.0772755
0 0.342592 0.500735 0.0952215 0.0916505
0 0.500286 0.1281 0.0895502 0.0743906
0 0.351177 0.539452 0.0763625 0.067263
0 0.975357 0.319892 0.0491947 0.107142
0 0.613508 0.76454 0.0878489 0.0690768
