0 0.432805 0.799962 0.107355 0.104676
0 0.497592 0.929532 0.120798 0.117197
0 0.88454 0.22443 0.0868908 0.0779386
0 0.946345 0.948637 0.105875 0.102726
0 0.891407 0.303458 0.0956414 0.0958384
0 0.143783 0.966025 0.0756176 0.0679498
0 0.463173 0.62367 0.0642649 0.0659308
0 0.514325 0.649136 0.0890577 0.0837258
0 0.051105 0.335447 0.10221 0.115452
0 0.71889 0.907547 0.0937222 0.101164
0 0.132436 0.276522 0.0888975 0.0820055
0 0.155684 0.356496 0.0976049 0.0959855
0 0.680713 0.973407 0.106803 0.0531862
0 0.60969 0.536674 0.055474 0.0517249
0 0.837791 0.225228 0.0615608 0.0723574
0 0.692928 0.842585 0.0884252 0.0629841
0 0.0792505 0.937795 0.109052 0.0879269
0 0.0892582 0.567618 0.103776 0.0999567
0 0.490594 0.344427 0.0521221 0.050175
0 0.33187 0.313822 0.0645891 0.0656388
0 0.554559 0.872264 0.0908122 0.0819902
0 0.622628 0.29891 0.0490524 0.0515738
0 0.509916 0.600131 0.0681036 0.0493251
0 0.897898 0.0469416 0.0816036 0.0696088
0 0.444121 0.545071 0.0409617 0.0486571
0 0.567553 0.456693 0.0379038 0.0347719
0 0.630969 0.647011 0.0666093 0.0612728
0 0.0302008 0.988186 0.0604016 0.0235073
0 0.230819 0.869127 0.0537522 0.0564846
0 0.695055 0.480995 0.0484304 0.0430494
0 0.709578 0.754432 0.052937 0.0509467
0 0.574685 0.674671 0.0780018 0.0803614
0 0.969895 0.0890144 0.06021 0.068972
0 0.962123 0.00934275 0.0757343 0.0186164
0 0.0810364 0.549241 0.100157 0.0960417
0 0.23164 0.959271 0.0409322 0.0436678
0 0.262305 0.43222 0.0433461 0.0412564
0 0.565638 0.912388 0.0775623 0.113764
