0 0.611066 0.865469 0.164373 0.148736
0 0.177241 0.830746 0.170422 0.157463
0 0.404584 0.732495 0.133831 0.131795
0 0.107162 0.923913 0.159898 0.132486
0 0.854135 0.159998 0.109162 0.0874547
0 0.049034 0.513261 0.0980658 0.114979
0 0.897209 0.44566 0.103726 0.104486
0 0.0565727 0.716251 0.107606 0.10579
0 0.78903 0.948925 0.171301 0.10215
0 0.369062 0.601733 0.124199 0.10581
0 0.270362 0.946943 0.139978 0.106113
0 0.668259 0.198686 0.102573 0.0920343
0 0.954087 0.212527 0.0918261 0.11843
0 0.293172 0.719502 0.105613 0.103554
0 0.593397 0.408422 0.101933 0.11377
0 0.761723 0.42828 0.0894322 0.0863458
0 0.864383 0.245351 0.100666 0.0836778
0 0.912281 0.353875 0.102596 0.10405
0 0.759733 0.208563 0.0840986 0.0676733
0 0.450726 0.973142 0.158792 0.0537168
0 0.0456184 0.968308 0.0912369 0.0632889
0 0.878769 0.832309 0.0880482 0.0874733
0 0.160294 0.984097 0.118626 0.0318063
0 0.73384 0.333345 0.13317 0.106203
0 0.226616 0.225336 0.0914226 0.0939341
