0 0.193952 0.706615 0.137385 0.13751
0 0.555481 0.0877278 0.138001 0.114481
0 0.545064 0.204745 0.121577 0.117381
0 0.106748 0.660383 0.123697 0.108332
0 0.423918 0.103128 0.10676 0.101251
0 0.444596 0.85986 0.105982 0.100978
0 0.187406 0.50673 0.124129 0.124868
0 0.0572591 0.481659 0.114518 0.10844
0 0.176122 0.0600661 0.108081 0.0962157
0 0.282675 0.963139 0.143382 0.0736271
0 0.483137 0.407361 0.124073 0.127805
0 0.056051 0.843754 0.0879055 0.0766483
0 0.422846 0.774537 0.112037 0.0974161
0 0.955359 0.107711 0.0892828 0.131047
0 0.447307 0.531922 0.102266 0.112871
0 0.15871 0.150155 0.116465 0.106359
0 0.680784 0.73646 0.118149 0.120054
0 0.276934 0.810878 0.0652985 0.0607508
0 0.343246 0.644855 0.0886618 0.0890058
0 0.142154 0.990677 0.130173 0.0184551
0 0.658569 0.760381 0.165359 0.165572
