0 0.675855 0.701353 0.110191 0.103893
0 0.0944492 0.689753 0.0999748 0.103938
0 0.83018 0.541266 0.10359 0.0953055
0 0.680815 0.57004 0.115009 0.114359
0 0.161603 0.942665 0.111898 0.112189
0 0.822107 0.871019 0.100309 0.100903
0 0.903078 0.602193 0.07729 0.0773924
0 0.0265098 0.136649 0.0529948 0.0943879
0 0.767997 0.576763 0.0857238 0.0725195
0 0.660791 0.322186 0.0873804 0.0978042
0 0.83669 0.0315903 0.0848233 0.0630143
0 0.17159 0.81251 0.0925622 0.0961381
0 0.757118 0.703969 0.0557742 0.0704867
0 0.74037 0.950843 0.107037 0.0955618
0 0.970797 0.540193 0.0584065 0.0968475
0 0.975313 0.0313755 0.0484638 0.0577576
0 0.260259 0.968496 0.0658254 0.062548
0 0.123231 0.858715 0.103212 0.107373
0 0.386733 0.489146 0.086755 0.069863
0 0.705506 0.624703 0.0877881 0.0790635
0 0.866877 0.0495846 0.0644162 0.083363
0 0.0438261 0.148093 0.0580319 0.0660216
