0 0.774675 0.156644 0.111842 0.100094
0 0.804152 0.248943 0.130544 0.110153
0 0.686669 0.881281 0.128401 0.11467
0 0.295997 0.0303767 0.0935015 0.0607535
0 0.398706 0.320211 0.0709633 0.0684689
0 0.184163 0.237855 0.0924056 0.0863488
0 0.300475 0.0749551 0.0845459 0.072489
0 0.184667 0.557675 0.0888756 0.079962
0 0.37016 0.0591849 0.068172 0.0716382
0 0.562815 0.347269 0.0853024 0.0829897
0 0.244081 0.746573 0.10013 0.0996855
0 0.176538 0.966489 0.0794823 0.0667957
0 0.846949 0.323453 0.0920134 0.0946035
0 0.510323 0.8057 0.0896517 0.087997
0 0.883711 0.165686 0.0994507 0.0942407
0 0.459532 0.952098 0.0828418 0.0824687
0 0.674363 0.959505 0.120534 0.0807037
0 0.338751 0.649671 0.0990735 0.0909878
0 0.32534 0.734028 0.0904326 0.0908188
0 0.34938 0.198598 0.073799 0.0522683
0 0.32107 0.118088 0.0482653 0.0394644
0 0.265948 0.49173 0.0573293 0.049818
0 0.156942 0.105225 0.0667066 0.0583469
0 0.513033 0.964746 0.0784685 0.070509
0 0.348107 0.14861 0.0583859 0.0476078
0 0.0525406 0.97773 0.0748299 0.0443394
0 0.626369 0.236478 0.0489156 0.0436363
0 0.393486 0.372144 0.0598365 0.0594017
0 0.102071 0.443812 0.0526228 0.0538031
0 0.0561873 0.0613218 0.045692 0.0553063
0 0.137434 0.345505 0.0511551 0.0557811
0 0.0952814 0.506304 0.0493191 0.0513197
0 0.782007 0.537356 0.0707365 0.0850012
0 0.977718 0.38297 0.0445409 0.0595627
0 0.510502 0.655957 0.0538852 0.052002
0 0.964672 0.271127 0.0706552 0.0943388
0 0.756886 0.89736 0.0490091 0.0766128
0 0.0409087 0.384731 0.0475777 0.0544718
0 0.164066 0.148554 0.042096 0.0390642
0 0.47758 0.989757 0.0758026 0.0201336
0 0.437187 0.144033 0.0523344 0.0448491
0 0.945099 0.988479 0.0904617 0.0230427
0 0.525133 0.463903 0.0560026 0.0540179
0 0.869014 0.391407 0.0643315 0.0598666
0 0.0238293 0.132621 0.0462652 0.0453779
0 0.991338 0.582898 0.0173115 0.10847
0 0.0985227 0.145764 0.0480578 0.0588155
0 0.224913 0.0785517 0.0454335 0.0445326
0 0.102513 0.138531 0.0429385 0.0475866
0 0.955925 0.586408 0.0753054 0.0713997
