0 0.379129 0.249001 0.120415 0.115643
0 0.210306 0.105943 0.141508 0.120967
0 0.252826 0.810819 0.116781 0.109836
0 0.221285 0.219712 0.13207 0.118866
0 0.326422 0.284252 0.108256 0.100875
0 0.49502 0.378988 0.122866 0.0955087
0 0.115535 0.354786 0.122876 0.120065
0 0.927471 0.955375 0.125107 0.0891929
0 0.170777 0.842187 0.103569 0.0910584
0 0.53548 0.281753 0.137146 0.124681
0 0.770118 0.367889 0.0892174 0.0956945
0 0.557679 0.0204771 0.133736 0.0409543
0 0.212915 0.914525 0.113946 0.0996191
0 0.600504 0.202622 0.108347 0.100222
0 0.218826 0.959077 0.0976281 0.0633826
0 0.709648 0.019305 0.0944712 0.0386101
