0 0.82954 0.856936 0.159591 0.160833
0 0.317977 0.795542 0.156819 0.140483
0 0.710588 0.590922 0.133294 0.132286
0 0.44729 0.312499 0.135024 0.131535
0 0.949715 0.892946 0.100569 0.143842
0 0.395517 0.424584 0.134681 0.133232
0 0.507366 0.945148 0.106537 0.0990093
0 0.635431 0.236166 0.122265 0.123062
0 0.244574 0.555765 0.120783 0.121069
0 0.949335 0.554853 0.101329 0.12343
0 0.440016 0.657927 0.113559 0.0997884
0 0.174126 0.397366 0.0913704 0.0899631
0 0.225936 0.0238574 0.114456 0.0470252
0 0.597783 0.55865 0.117875 0.115181
0 0.333086 0.0220567 0.126579 0.0441135
0 0.596427 0.579125 0.126641 0.150122
0 0.901005 0.322854 0.110489 0.110625
0 0.124465 0.966394 0.0714973 0.0668995
0 0.949875 0.644587 0.0755535 0.0776171
0 0.453653 0.0843309 0.0776066 0.0800387
0 0.441541 0.0295661 0.0922525 0.0589509
0 0.269729 0.412365 0.119609 0.11383
0 0.615257 0.940231 0.108085 0.104998
0 0.563798 0.188686 0.100131 0.0971523
