0 0.741349 0.0998183 0.119089 0.114991
0 0.329915 0.592586 0.155622 0.124612
0 0.644623 0.808583 0.108382 0.113599
0 0.339885 0.712169 0.125011 0.127026
0 0.448362 0.669001 0.116679 0.112666
0 0.788461 0.147952 0.0931838 0.098694
0 0.30295 0.89303 0.116783 0.108777
0 0.507572 0.594674 0.127628 0.113777
0 0.664022 0.195192 0.111942 0.113405
0 0.606715 0.897702 0.107955 0.104858
0 0.389533 0.918625 0.122782 0.133963
0 0.141739 0.614768 0.0875746 0.0883047
0 0.761597 0.491965 0.0983389 0.0938936
0 0.182665 0.466788 0.0993774 0.0974589
0 0.451145 0.986814 0.0939485 0.0258789
0 0.345854 0.388876 0.0974336 0.0950469
0 0.28887 0.343898 0.0929627 0.0905096
0 0.651109 0.544759 0.078701 0.0819412
0 0.626522 0.0149767 0.111228 0.0299534
0 0.318083 0.443664 0.0828082 0.081362
0 0.80532 0.0339818 0.0902334 0.0678222
0 0.64553 0.555355 0.0946336 0.105189
