0 0.821862 0.867918 0.159689 0.140741
0 0.527075 0.638772 0.150454 0.143271
0 0.144084 0.175902 0.118742 0.109907
0 0.0536268 0.947567 0.107177 0.104865
0 0.503749 0.109002 0.130098 0.119657
0 0.388568 0.32234 0.113598 0.103194
0 0.160592 0.0981237 0.10619 0.0915361
0 0.910552 0.881915 0.104987 0.120072
0 0.739207 0.92696 0.101946 0.100457
0 0.297537 0.831395 0.10104 0.0959522
0 0.792978 0.774487 0.107848 0.0987628
0 0.338301 0.912311 0.101297 0.0879021
0 0.371852 0.772652 0.106384 0.112589
0 0.879868 0.762732 0.110029 0.119815
0 0.293153 0.0199656 0.120969 0.0399312
0 0.390329 0.148207 0.0973597 0.094434
0 0.576341 0.20274 0.102679 0.0982179
0 0.709704 0.982264 0.111373 0.0353684
0 0.825198 0.443117 0.0938997 0.0807301
