0 0.848286 0.325136 0.0889231 0.0905399
0 0.77428 0.155968 0.107993 0.0996495
0 0.299332 0.0767569 0.0833448 0.072546
0 0.685055 0.879506 0.125486 0.111395
0 0.398801 0.321224 0.0710863 0.070536
0 0.29633 0.0302011 0.093453 0.0604021
0 0.176933 0.966039 0.0821369 0.0679222
0 0.24701 0.746174 0.0993752 0.0999254
0 0.802758 0.248951 0.126183 0.105942
0 0.184908 0.557969 0.0890823 0.0814219
0 0.510697 0.804771 0.0860046 0.08822
0 0.370422 0.0596681 0.06623 0.0727647
0 0.56297 0.344525 0.0893902 0.0872335
0 0.184581 0.240953 0.0935849 0.0938097
0 0.338204 0.654701 0.0988281 0.0922945
0 0.266033 0.493248 0.0540944 0.04719
0 0.35014 0.199723 0.0712161 0.0549188
0 0.459001 0.952719 0.0847282 0.084388
0 0.513314 0.96379 0.0817782 0.0720991
0 0.878872 0.16457 0.108629 0.0946769
0 0.0547985 0.977561 0.0748019 0.0448782
0 0.323871 0.732783 0.0948426 0.0903187
0 0.157769 0.104669 0.0647202 0.0613274
0 0.348344 0.148468 0.0553278 0.0476235
0 0.320579 0.118562 0.0453871 0.0413726
0 0.965629 0.271546 0.068741 0.0941465
0 0.68287 0.966685 0.10711 0.0666297
0 0.975869 0.386178 0.0482612 0.0681476
0 0.399186 0.372177 0.0756518 0.0586128
0 0.785595 0.539552 0.0666329 0.0763887
0 0.101186 0.444143 0.0507711 0.0501139
0 0.509264 0.656255 0.0546677 0.0534894
0 0.753896 0.896277 0.055419 0.0759647
0 0.525381 0.461319 0.0597858 0.0627856
0 0.139489 0.347556 0.0483731 0.0508504
0 0.0559669 0.0616318 0.0475365 0.0569995
0 0.957093 0.587223 0.0792859 0.0740013
0 0.547961 0.581186 0.0530559 0.0517563
0 0.0977797 0.494869 0.0692937 0.0749475
0 0.869361 0.391843 0.0665052 0.0677573
0 0.626746 0.238693 0.0467377 0.0437691
0 0.35876 0.145629 0.0342413 0.0424111
0 0.0420551 0.384343 0.0404458 0.0517232
0 0.988324 0.578297 0.0229247 0.10795
0 0.0437946 0.379778 0.0334103 0.0408658
0 0.464035 0.667047 0.0561682 0.060416
