0 0.243875 0.933547 0.146109 0.132906
0 0.155284 0.195261 0.11844 0.102518
0 0.446053 0.109708 0.114149 0.100189
0 0.455257 0.48088 0.128897 0.109509
0 0.439289 0.388172 0.121639 0.105992
0 0.538752 0.30782 0.100988 0.0944108
0 0.831142 0.920853 0.111528 0.0995858
0 0.482634 0.0267709 0.104832 0.0533377
0 0.528398 0.0612151 0.0952389 0.0819551
0 0.862411 0.826062 0.115033 0.112051
0 0.736067 0.167643 0.143159 0.123081
0 0.172841 0.282586 0.102205 0.0962103
0 0.949847 0.832794 0.0977539 0.103161
0 0.763989 0.800246 0.121986 0.117748
0 0.82603 0.255614 0.126432 0.12362
0 0.135374 0.467202 0.106505 0.0995392
0 0.0190174 0.442198 0.0380348 0.0810093
0 0.20557 0.168223 0.103471 0.0997299
0 0.0577251 0.867334 0.0954436 0.107543
0 0.876851 0.778668 0.0792633 0.0719576
0 0.500107 0.12305 0.0680474 0.0672028
0 0.754269 0.444305 0.094717 0.0901653
0 0.00816112 0.523361 0.0163222 0.0899829
0 0.0635228 0.854264 0.081223 0.082056
0 0.606867 0.087677 0.0759169 0.0647331
0 0.260729 0.442134 0.0576013 0.0589786
