0 0.951901 0.24225 0.0961971 0.112352
0 0.0569859 0.0668368 0.113972 0.114989
0 0.333486 0.0519958 0.116543 0.103992
0 0.346766 0.404873 0.118413 0.11075
0 0.447435 0.0501407 0.103488 0.0977747
0 0.546241 0.213262 0.0820515 0.0762104
0 0.231401 0.325515 0.15236 0.133802
0 0.406383 0.289295 0.124633 0.119012
0 0.236849 0.442814 0.120427 0.113787
0 0.536154 0.0536579 0.090524 0.104591
0 0.438677 0.610484 0.0782928 0.0763729
0 0.553489 0.327208 0.0902848 0.0873114
0 0.975846 0.328246 0.0482237 0.0852449
0 0.500902 0.690082 0.0925884 0.0942627
0 0.345939 0.513037 0.100799 0.112461
0 0.501547 0.128662 0.0915367 0.0752004
0 0.614423 0.765057 0.0858034 0.0717201
0 0.34766 0.544487 0.0795039 0.054249
