0 0.88565 0.891119 0.201131 0.183772
0 0.592959 0.590751 0.162356 0.155921
0 0.564206 0.0522439 0.167708 0.104488
0 0.203885 0.0391002 0.1509 0.0782004
0 0.889774 0.0900137 0.174927 0.171488
0 0.133512 0.345764 0.145074 0.141486
0 0.337912 0.0899751 0.168644 0.163516
0 0.539871 0.747364 0.141751 0.137696
0 0.177528 0.783407 0.162081 0.161273
0 0.741638 0.138957 0.157931 0.16901
0 0.602117 0.125273 0.141837 0.142271
0 0.873911 0.531275 0.108575 0.100131
0 0.365093 0.846977 0.116147 0.106917
0 0.0839692 0.783085 0.0900476 0.11105
0 0.120774 0.919267 0.106579 0.112735
0 0.825782 0.233351 0.119661 0.118772
0 0.691581 0.0547351 0.120199 0.107583
0 0.221765 0.315127 0.111962 0.106756
0 0.918935 0.658224 0.106338 0.113822
0 0.0109146 0.443196 0.0218134 0.126748
0 0.142435 0.0735835 0.11187 0.0969101
0 0.909046 0.447275 0.107341 0.101137
