0 0.430964 0.533242 0.114289 0.110028
0 0.801056 0.689103 0.117556 0.108379
0 0.21347 0.17099 0.117885 0.0954477
0 0.516653 0.151816 0.134476 0.10693
0 0.447663 0.597996 0.0950991 0.072059
0 0.882023 0.211701 0.0947691 0.0969855
0 0.490663 0.250072 0.100909 0.0926345
0 0.729599 0.703461 0.0976917 0.10054
0 0.865153 0.0350074 0.11833 0.0700147
0 0.738305 0.608895 0.101955 0.103292
0 0.594281 0.0248138 0.137272 0.0495546
0 0.208065 0.075352 0.10725 0.0976497
0 0.890026 0.456646 0.085149 0.0761912
0 0.807282 0.408785 0.0874707 0.0919194
