0 0.942273 0.251702 0.102256 0.0931199
0 0.154356 0.313032 0.108713 0.105267
0 0.617671 0.281437 0.132133 0.122733
0 0.839302 0.357141 0.112566 0.103322
0 0.922878 0.969309 0.117614 0.0613823
0 0.606705 0.128696 0.121727 0.122673
0 0.737962 0.417756 0.129116 0.114765
0 0.722172 0.50337 0.0873584 0.0662428
0 0.768947 0.970813 0.103263 0.0583748
0 0.897852 0.420381 0.0860956 0.0763942
0 0.969862 0.323386 0.0602768 0.0959302
0 0.350438 0.328766 0.0934825 0.0967488
0 0.895467 0.265912 0.0692337 0.0845002
0 0.198573 0.354647 0.0792139 0.0852703
0 0.987212 0.399111 0.0251163 0.104373
0 0.151671 0.24698 0.0797523 0.0624055
