0 0.929408 0.0458043 0.0860279 0.082914
0 0.37958 0.173948 0.118304 0.109976
0 0.656273 0.184163 0.142829 0.115619
0 0.761809 0.0574821 0.0997721 0.093729
0 0.761489 0.219449 0.0912697 0.0788762
0 0.371847 0.106952 0.117631 0.102543
0 0.689652 0.283507 0.116058 0.113752
0 0.849662 0.0386092 0.0809875 0.0750282
0 0.0391605 0.0739196 0.0779614 0.123149
0 0.0241082 0.615851 0.0481912 0.120689
0 0.458968 0.0972423 0.119321 0.124915
0 0.113872 0.636389 0.0717331 0.0669423
0 0.516287 0.178506 0.0653847 0.0643919
0 0.962156 0.183361 0.0747841 0.110872
0 0.758403 0.976746 0.107017 0.0465074
0 0.369175 0.486047 0.0958464 0.0939581
0 0.139366 0.609517 0.0617211 0.06325
0 0.957953 0.025814 0.0625759 0.051628
0 0.881457 0.968717 0.0884632 0.0614893
0 0.45643 0.491528 0.0820547 0.0736951
0 0.864207 0.989034 0.106492 0.0218546
0 0.368502 0.453108 0.0741443 0.0415596
