0 0.724044 0.602098 0.118924 0.116294
0 0.436661 0.0599319 0.119361 0.11883
0 0.92347 0.945705 0.12752 0.108107
0 0.659985 0.676521 0.122439 0.0963593
0 0.341448 0.0917218 0.0821894 0.0919819
0 0.261201 0.0654556 0.0920244 0.0840702
0 0.782269 0.18942 0.0904799 0.0894068
0 0.55043 0.0274766 0.122906 0.0546342
0 0.960701 0.866294 0.078503 0.0964897
0 0.349484 0.576301 0.105397 0.101837
0 0.566481 0.587855 0.111475 0.107048
0 0.972435 0.553274 0.0550337 0.100522
0 0.205667 0.0255704 0.10947 0.0511409
0 0.580151 0.57543 0.115746 0.112956
0 0.555622 0.601444 0.0995182 0.0994157
0 0.0373791 0.936267 0.0747583 0.0821415
0 0.595119 0.565909 0.101649 0.103258
