0 0.194978 0.706099 0.136808 0.137889
0 0.553033 0.0897585 0.134288 0.118134
0 0.423549 0.102365 0.105277 0.101184
0 0.544706 0.205702 0.125482 0.116995
0 0.281239 0.962317 0.144222 0.0753654
0 0.444414 0.859043 0.108781 0.101967
0 0.185181 0.507585 0.119397 0.129646
0 0.104637 0.661057 0.12175 0.112033
0 0.0555716 0.846959 0.0911084 0.081057
0 0.174649 0.0593347 0.10555 0.0926811
0 0.0546416 0.481057 0.108985 0.111053
0 0.953141 0.108019 0.0937175 0.131
0 0.427307 0.772613 0.117229 0.110219
0 0.48219 0.405351 0.12071 0.133251
0 0.657638 0.753672 0.161442 0.164957
0 0.155551 0.155558 0.101294 0.0942312
0 0.65508 0.924116 0.0727873 0.0824421
0 0.07402 0.0638636 0.0992337 0.099365
0 0.480504 0.770342 0.163802 0.130893
0 0.507294 0.766894 0.110024 0.121997
