0 0.939698 0.235143 0.113347 0.0966018
0 0.497586 0.0261275 0.114357 0.0521964
0 0.626442 0.0965309 0.111657 0.106519
0 0.347795 0.0426372 0.118279 0.0852744
0 0.516545 0.66359 0.112498 0.11041
0 0.945019 0.112639 0.109962 0.117685
0 0.964517 0.720537 0.0709663 0.104338
0 0.422542 0.912232 0.10801 0.103303
0 0.31338 0.794443 0.0984328 0.111643
0 0.13995 0.016414 0.0911949 0.0325284
0 0.590126 0.926666 0.0744775 0.0720173
0 0.923933 0.146937 0.0784327 0.0728015
0 0.438252 0.0126945 0.0609257 0.025389
0 0.425602 0.0106201 0.0816272 0.0210187
0 0.125958 0.391675 0.0888886 0.0760503
