0 0.351979 0.807363 0.127101 0.115626
0 0.801571 0.197921 0.119786 0.114291
0 0.228756 0.690353 0.0910385 0.0982254
0 0.515224 0.70423 0.0952612 0.100713
0 0.815864 0.29983 0.104607 0.10006
0 0.328856 0.743817 0.1344 0.0981858
0 0.685044 0.754006 0.0896807 0.0911463
0 0.0860425 0.951031 0.12952 0.0979385
0 0.90883 0.0605812 0.116858 0.103982
0 0.36092 0.651391 0.0840011 0.0872028
0 0.979771 0.320612 0.0402495 0.120886
0 0.830685 0.0817939 0.0905893 0.115164
0 0.055677 0.0219929 0.101999 0.0439858
0 0.424641 0.641837 0.0873822 0.0862986
0 0.477187 0.392239 0.0874169 0.0865629
0 0.983239 0.432012 0.0330286 0.109803
0 0.877493 0.863416 0.0622547 0.0638367
0 0.391544 0.560238 0.0530523 0.0559908
0 0.785118 0.77387 0.0658255 0.0567104
0 0.106599 0.680247 0.0428275 0.0428615
0 0.750137 0.887019 0.049247 0.0583008
