0 0.120905 0.167141 0.125873 0.1233
0 0.175111 0.436379 0.109627 0.110337
0 0.870173 0.573772 0.11305 0.112922
0 0.696107 0.939086 0.0936075 0.0842674
0 0.761552 0.909612 0.0799835 0.0754982
0 0.252058 0.928734 0.106656 0.111584
0 0.767562 0.971205 0.0966214 0.0575903
0 0.661444 0.885615 0.0868151 0.0869991
0 0.971425 0.726874 0.0568466 0.111887
0 0.185224 0.126888 0.103604 0.107906
0 0.894415 0.509257 0.0888512 0.0723473
0 0.758756 0.0123375 0.0956469 0.0246749
0 0.658005 0.483833 0.117544 0.0993851
0 0.421957 0.802944 0.0709504 0.0659163
