0 0.469268 0.679141 0.100564 0.0890207
0 0.587765 0.955224 0.12305 0.0895517
0 0.156914 0.152276 0.0961488 0.111962
0 0.483489 0.602191 0.0992762 0.0858768
0 0.685888 0.95836 0.100442 0.0832801
0 0.612614 0.103282 0.0681343 0.0831304
0 0.844589 0.651104 0.111244 0.117584
0 0.289013 0.968491 0.0962156 0.063018
0 0.0313911 0.396161 0.0627822 0.0961024
0 0.689371 0.563113 0.0399315 0.037697
0 0.0277659 0.924305 0.0543153 0.0708809
0 0.748171 0.188698 0.0846813 0.088215
0 0.951077 0.634769 0.0964754 0.109187
0 0.0391548 0.874084 0.0564554 0.054629
0 0.074149 0.771498 0.0770999 0.0773708
0 0.76721 0.970193 0.0892571 0.0596134
0 0.656959 0.550011 0.0360662 0.0361848
0 0.899532 0.27507 0.0578076 0.0532635
