0 0.106267 0.625537 0.0969603 0.0938175
0 0.045014 0.494458 0.0900281 0.114436
0 0.92499 0.374833 0.115907 0.118593
0 0.275847 0.335663 0.152292 0.132275
0 0.5405 0.283158 0.136761 0.110394
0 0.235643 0.685473 0.134395 0.126433
0 0.73491 0.896017 0.117787 0.103202
0 0.43768 0.727026 0.121106 0.119613
0 0.806013 0.943485 0.105695 0.0996864
0 0.288025 0.529345 0.116027 0.101425
0 0.483436 0.682166 0.120401 0.1036
0 0.725488 0.972569 0.130969 0.0548611
0 0.67244 0.242489 0.111279 0.114543
0 0.353674 0.4514 0.117346 0.111348
0 0.0388943 0.560497 0.077729 0.0631611
0 0.0342503 0.959887 0.068319 0.0801193
0 0.332734 0.461128 0.0873353 0.093885
0 0.634122 0.0169013 0.125635 0.0335061
