0 0.625838 0.828824 0.139567 0.129056
0 0.338295 0.213604 0.121932 0.119343
0 0.953757 0.219188 0.0922077 0.105456
0 0.694815 0.411393 0.126889 0.127811
0 0.205587 0.847009 0.106469 0.114535
0 0.2487 0.18193 0.108685 0.0983765
0 0.279908 0.327716 0.107476 0.106393
0 0.635294 0.679865 0.13922 0.129971
0 0.0958102 0.235448 0.111601 0.0957267
0 0.32767 0.766303 0.112793 0.0958862
0 0.571151 0.00969951 0.143233 0.0191469
0 0.0486514 0.638254 0.0970244 0.129713
0 0.627454 0.742318 0.127745 0.0685658
