0 0.383414 0.0365126 0.130294 0.0730252
0 0.827351 0.579013 0.121287 0.125768
0 0.81624 0.90636 0.117147 0.109525
0 0.48786 0.564773 0.107677 0.112281
0 0.499769 0.634349 0.0881684 0.0711851
0 0.199596 0.0812996 0.0622435 0.0608822
0 0.647015 0.158358 0.0907978 0.0860692
0 0.122682 0.0911139 0.0460701 0.0386539
0 0.37724 0.860457 0.0502458 0.0535465
0 0.00998322 0.794508 0.0199664 0.112764
0 0.321454 0.749829 0.0424875 0.0393189
0 0.617381 0.973289 0.0567524 0.0534213
0 0.0151641 0.792762 0.0301555 0.110592
0 0.269654 0.0800028 0.0520947 0.0451484
