0 0.69246 0.765896 0.0991854 0.0992258
0 0.948875 0.790497 0.0994267 0.0927093
0 0.580705 0.268864 0.120533 0.12499
0 0.0869285 0.0871415 0.125811 0.127051
0 0.778443 0.717806 0.120634 0.112524
0 0.970163 0.703467 0.0596735 0.094232
0 0.35714 0.461163 0.130795 0.121207
0 0.240196 0.447052 0.105643 0.0984708
0 0.134691 0.873886 0.132639 0.125999
0 0.0325377 0.481654 0.0650753 0.115022
0 0.224225 0.0865258 0.124757 0.1303
0 0.389447 0.598627 0.117429 0.118329
0 0.214446 0.538953 0.134724 0.0983162
0 0.910684 0.730641 0.0844638 0.0779949
0 0.0861358 0.839584 0.140663 0.127725
0 0.179517 0.410286 0.0894765 0.0890881
0 0.44995 0.229752 0.127683 0.137916
0 0.206713 0.335636 0.103408 0.0943663
