0 0.880845 0.546437 0.130214 0.118634
0 0.770458 0.922011 0.17854 0.15454
0 0.0510841 0.574833 0.101705 0.112614
0 0.53746 0.700705 0.159047 0.140617
0 0.0753143 0.878295 0.129934 0.135696
0 0.81936 0.169724 0.118289 0.110066
0 0.424459 0.544823 0.100246 0.103148
0 0.331313 0.536921 0.104202 0.101159
0 0.361288 0.946505 0.129623 0.0978329
0 0.860062 0.215857 0.122796 0.103976
0 0.860425 0.964871 0.119815 0.0698828
0 0.760863 0.740807 0.112472 0.113006
0 0.0317012 0.536368 0.0631871 0.115492
0 0.819167 0.273814 0.0956585 0.0922013
0 0.108281 0.546242 0.102841 0.104224
0 0.355225 0.980982 0.135997 0.0380362
0 0.0209163 0.947762 0.0414887 0.104477
0 0.0453545 0.0137501 0.090709 0.0271626
