0 0.950354 0.581734 0.0992912 0.145485
0 0.95824 0.159661 0.0783631 0.0796305
0 0.740556 0.329441 0.117542 0.112509
0 0.194474 0.54119 0.109534 0.0976057
0 0.92974 0.267874 0.116642 0.111821
0 0.250751 0.619925 0.114421 0.101524
0 0.876334 0.365069 0.0954129 0.105614
0 0.491032 0.843726 0.123987 0.103069
0 0.941989 0.479524 0.112707 0.100614
0 0.793508 0.370122 0.087172 0.0801013
0 0.877366 0.162964 0.0797123 0.079118
0 0.810353 0.91159 0.0608347 0.0582329
0 0.293292 0.954811 0.0931475 0.0873783
0 0.191043 0.9681 0.0880335 0.0636761
0 0.725255 0.630664 0.049042 0.0471363
0 0.714254 0.593746 0.0950003 0.118512
