0 0.484859 0.40235 0.108719 0.114491
0 0.683718 0.0873304 0.139269 0.138041
0 0.889893 0.789156 0.0838372 0.0892678
0 0.917898 0.882375 0.0975766 0.0940104
0 0.636544 0.322411 0.0897126 0.0968411
0 0.821826 0.042269 0.104636 0.084538
0 0.164601 0.325803 0.0879682 0.0882589
0 0.965383 0.916313 0.0692348 0.118329
0 0.952371 0.815817 0.0858186 0.0884087
0 0.190706 0.741512 0.0633365 0.062631
0 0.817498 0.662765 0.0495085 0.0532171
0 0.792433 0.976786 0.122404 0.0463463
0 0.49534 0.978214 0.0977791 0.0435718
0 0.706035 0.978817 0.0943909 0.04207
0 0.331179 0.880921 0.0763166 0.0748032
0 0.209124 0.692783 0.0784319 0.0721408
0 0.556865 0.773774 0.0730526 0.0702021
0 0.927808 0.661873 0.0510817 0.047173
0 0.398422 0.854189 0.0660311 0.0624079
0 0.718036 0.791869 0.052384 0.0530512
0 0.139293 0.858119 0.0808116 0.0891575
0 0.885181 0.0276724 0.0775934 0.0552474
0 0.95848 0.563798 0.0416752 0.050584
