0 0.935456 0.911229 0.126072 0.111846
0 0.733194 0.564847 0.122208 0.110431
0 0.469026 0.728298 0.109074 0.09701
0 0.432593 0.393814 0.132121 0.123509
0 0.045961 0.240351 0.0916468 0.119222
0 0.867269 0.566149 0.136997 0.130069
0 0.435081 0.258539 0.128818 0.122734
0 0.519246 0.666796 0.0875582 0.0830358
0 0.110149 0.386752 0.101352 0.0983903
0 0.343633 0.669059 0.0741191 0.0753513
0 0.0255747 0.362487 0.0511495 0.0926677
0 0.971786 0.817847 0.056427 0.130059
0 0.0401274 0.435803 0.0720964 0.069009
0 0.154066 0.439712 0.0895407 0.0941644
0 0.795807 0.711649 0.124342 0.116281
0 0.176557 0.521708 0.103173 0.0904167
0 0.984248 0.960405 0.0315039 0.0791903
0 0.636568 0.039647 0.100769 0.0792939
0 0.526327 0.0605645 0.0872414 0.0867348
0 0.841883 0.883203 0.0905218 0.0917358
0 0.245021 0.538019 0.0830439 0.0825316
