0 0.358382 0.879945 0.0938576 0.0906684
0 0.282526 0.940769 0.11585 0.118352
0 0.868384 0.202569 0.111638 0.114592
0 0.924938 0.497623 0.0993629 0.10499
0 0.901301 0.601893 0.127132 0.122104
0 0.128458 0.908315 0.0916421 0.099065
0 0.881845 0.369976 0.11093 0.103697
0 0.320368 0.433536 0.097986 0.0952355
0 0.420481 0.615447 0.112624 0.117332
0 0.86488 0.857906 0.0970156 0.091464
0 0.723634 0.13284 0.0987977 0.0983314
0 0.8878 0.928636 0.0903204 0.0909309
0 0.0676739 0.8372 0.10385 0.0928181
0 0.895747 0.742527 0.110027 0.113306
0 0.825456 0.0967931 0.0922702 0.0910639
0 0.588006 0.0277258 0.107453 0.0551902
0 0.0134923 0.924457 0.0268821 0.103939
0 0.431892 0.62625 0.125934 0.0986424
0 0.848363 0.0500216 0.0995281 0.0850246
0 0.339883 0.514663 0.0842412 0.0841325
0 0.968794 0.840192 0.062411 0.11594
0 0.840224 0.0597771 0.0955357 0.0939328
0 0.428888 0.452129 0.0781794 0.0803064
0 0.976677 0.855394 0.0465504 0.112838
