0 0.632716 0.552493 0.113909 0.113902
0 0.475131 0.329596 0.0920295 0.0941111
0 0.290431 0.179607 0.144077 0.131971
0 0.963782 0.256023 0.0724357 0.114827
0 0.902617 0.236969 0.101801 0.104155
0 0.532775 0.905305 0.104427 0.0955656
0 0.94792 0.1438 0.103348 0.095781
0 0.523038 0.241845 0.0914673 0.0871444
0 0.35867 0.659998 0.0975946 0.0976184
0 0.226048 0.90513 0.0909804 0.0872574
0 0.961327 0.828224 0.0773469 0.139478
0 0.21922 0.442243 0.115766 0.110216
0 0.510012 0.849534 0.0920446 0.0798561
0 0.475669 0.737532 0.109027 0.116023
0 0.85703 0.950745 0.144232 0.0985093
0 0.04824 0.39491 0.0941293 0.0956486
0 0.201655 0.0293848 0.0865781 0.0587696
