0 0.612037 0.86551 0.157289 0.147626
0 0.849746 0.159857 0.101809 0.0861897
0 0.178728 0.829902 0.156229 0.154619
0 0.106053 0.923209 0.159889 0.134956
0 0.4037 0.733316 0.13016 0.126609
0 0.666548 0.202656 0.100655 0.0930176
0 0.0483171 0.513523 0.0962875 0.115991
0 0.954823 0.212558 0.0903545 0.113561
0 0.790541 0.950452 0.165109 0.0990953
0 0.896411 0.447275 0.0996296 0.0982784
0 0.371857 0.599869 0.113812 0.10177
0 0.867784 0.254805 0.108554 0.0999985
0 0.0640443 0.714498 0.100944 0.106526
0 0.761771 0.42838 0.0837614 0.0845961
0 0.296884 0.720123 0.0967924 0.104204
0 0.799386 0.120843 0.0910665 0.0691362
0 0.592081 0.409414 0.107272 0.111742
0 0.449301 0.972441 0.16115 0.0544529
0 0.529584 0.331919 0.130749 0.100716
0 0.902522 0.35099 0.101143 0.0988936
0 0.277222 0.952646 0.122123 0.0947086
0 0.161376 0.982954 0.126147 0.0337078
0 0.757578 0.213399 0.0751423 0.0744767
0 0.0442198 0.967681 0.0867117 0.0645046
0 0.2269 0.222892 0.0885163 0.0883558
0 0.876436 0.838185 0.0909206 0.0911598
0 0.735633 0.332694 0.127171 0.113904
