0 0.455178 0.890344 0.0914873 0.0945171
0 0.419964 0.625273 0.106977 0.103489
0 0.635046 0.242943 0.123832 0.119983
0 0.184487 0.355837 0.125702 0.119213
0 0.192354 0.825545 0.11474 0.116133
0 0.745986 0.82252 0.131253 0.137424
0 0.252902 0.290676 0.0966676 0.0885809
0 0.244516 0.903674 0.102855 0.0936375
0 0.424718 0.961441 0.121409 0.0771174
0 0.473615 0.781532 0.068397 0.0618414
0 0.0518038 0.397756 0.103518 0.112934
0 0.979314 0.707257 0.0410797 0.103878
0 0.324209 0.0502418 0.119443 0.100484
0 0.302737 0.648913 0.0901605 0.0828926
0 0.507389 0.307263 0.10077 0.0989718
0 0.884937 0.975589 0.135898 0.0487372
0 0.105738 0.60124 0.0860405 0.0924326
0 0.353926 0.269156 0.100966 0.096575
0 0.67383 0.157827 0.106939 0.0952552
0 0.415882 0.802872 0.07384 0.0658369
0 0.36869 0.495283 0.106846 0.0827187
0 0.290566 0.696126 0.0735625 0.0591024
0 0.406247 0.90747 0.0557617 0.076524
0 0.11399 0.837216 0.0703935 0.0733032
0 0.142156 0.896526 0.0780828 0.0666165
0 0.481616 0.828619 0.0634722 0.0585415
0 0.37799 0.378847 0.0800366 0.0746905
0 0.419528 0.774893 0.0602635 0.0351214
0 0.00990576 0.447023 0.0196298 0.107995
0 0.157065 0.512759 0.0866288 0.0724185
