0 0.429342 0.300909 0.114918 0.110197
0 0.877693 0.300108 0.116208 0.107254
0 0.792905 0.244537 0.111213 0.107366
0 0.809813 0.600021 0.115639 0.110506
0 0.479284 0.939817 0.111509 0.1002
0 0.5116 0.829809 0.10736 0.0971584
0 0.734174 0.606848 0.0885475 0.0915764
0 0.926522 0.411588 0.0834942 0.0829106
0 0.842083 0.975243 0.0983666 0.0495148
0 0.451908 0.35447 0.0919449 0.0640302
0 0.886815 0.0162339 0.109773 0.0322055
0 0.489574 0.0309221 0.0950486 0.0618442
0 0.572559 0.958002 0.108816 0.0839953
0 0.399802 0.892561 0.0894192 0.0813022
