0 0.721111 0.793305 0.0947182 0.0966191
0 0.397621 0.67535 0.114033 0.105374
0 0.312195 0.761524 0.116618 0.105828
0 0.770336 0.718783 0.117011 0.102048
0 0.355115 0.200652 0.11419 0.0951716
0 0.941263 0.667011 0.108958 0.0991829
0 0.909072 0.767022 0.113956 0.0987375
0 0.590589 0.0729976 0.140958 0.119256
0 0.586742 0.623132 0.107084 0.101542
0 0.653074 0.0248265 0.17003 0.0496529
0 0.971488 0.941224 0.0570099 0.0896851
0 0.957329 0.0340331 0.0852842 0.0671853
0 0.0898279 0.572668 0.0518986 0.047754
0 0.00719248 0.151648 0.014385 0.109983
