0 0.871834 0.740062 0.135629 0.117492
0 0.729666 0.613583 0.147988 0.135541
0 0.741993 0.89011 0.108523 0.112462
0 0.817544 0.540135 0.139586 0.133616
0 0.0710673 0.321212 0.117205 0.119385
0 0.0505891 0.696646 0.100082 0.0956488
0 0.416452 0.410808 0.114075 0.111687
0 0.168525 0.923667 0.0882569 0.083252
0 0.327797 0.65063 0.0913049 0.0913175
0 0.0995224 0.642211 0.0913001 0.0893784
0 0.278432 0.662394 0.0965405 0.0953071
0 0.623531 0.863 0.105002 0.0900395
0 0.417518 0.337849 0.112138 0.0828047
0 0.323175 0.917223 0.0407795 0.0334675
0 0.53452 0.84253 0.0941063 0.0827339
0 0.399147 0.339633 0.0732158 0.074553
0 0.923143 0.546954 0.0823814 0.0773128
