0 0.864973 0.379328 0.141178 0.132909
0 0.928259 0.6423 0.1346 0.116397
0 0.77772 0.448067 0.146653 0.13284
0 0.78887 0.703567 0.106535 0.108357
0 0.0855485 0.483884 0.105596 0.098038
0 0.921626 0.937714 0.14619 0.124229
0 0.210267 0.677543 0.0984095 0.0898882
0 0.368452 0.41402 0.0900074 0.0896227
0 0.468808 0.840939 0.112065 0.101405
0 0.315896 0.416915 0.0958449 0.0974917
0 0.668861 0.615272 0.0997308 0.0859692
0 0.142199 0.386198 0.106136 0.0999368
0 0.104139 0.108926 0.118753 0.111486
0 0.952495 0.298053 0.0930336 0.0863248
0 0.691106 0.979608 0.139215 0.0402986
0 0.670678 0.980004 0.104711 0.0399929
0 0.826439 0.276204 0.0827843 0.077561
0 0.184689 0.895505 0.0453966 0.052079
0 0.719875 0.989444 0.170645 0.021113
