0 0.214212 0.352908 0.119001 0.118408
0 0.716839 0.720685 0.116135 0.106461
0 0.121487 0.110766 0.1364 0.122336
0 0.511204 0.837334 0.123163 0.124217
0 0.513196 0.706536 0.126463 0.125404
0 0.521191 0.452295 0.113758 0.116471
0 0.0398986 0.972669 0.0744274 0.0546621
0 0.170249 0.260455 0.134548 0.102718
0 0.579839 0.248861 0.0890883 0.0861137
0 0.114951 0.333217 0.0902439 0.0916148
0 0.120533 0.683694 0.0534175 0.0539318
0 0.698493 0.814617 0.104213 0.0945146
0 0.137758 0.184702 0.100108 0.0883043
0 0.0213681 0.0962166 0.0427362 0.0958475
0 0.933321 0.097916 0.061525 0.0664656
0 0.412513 0.278839 0.075202 0.0779946
0 0.213389 0.782723 0.047168 0.0482046
0 0.00862981 0.891107 0.0170683 0.0858059
0 0.00735148 0.968606 0.014703 0.0627871
