0 0.290228 0.0634968 0.14446 0.126479
0 0.592315 0.104449 0.101743 0.113995
0 0.545649 0.199469 0.123745 0.116392
0 0.0527455 0.752795 0.103796 0.111772
0 0.43303 0.752885 0.109036 0.101789
0 0.252336 0.655718 0.108246 0.0906305
0 0.395092 0.037874 0.157111 0.0757481
0 0.079123 0.503799 0.109789 0.116205
0 0.311217 0.722157 0.0925865 0.0866235
0 0.502749 0.112748 0.098718 0.121741
0 0.253139 0.765126 0.134768 0.126442
0 0.521077 0.987469 0.101231 0.0246868
0 0.127339 0.365873 0.105765 0.105683
0 0.12177 0.529032 0.0960069 0.10715
0 0.0108088 0.238572 0.0216176 0.112375
