0 0.594456 0.459061 0.156635 0.141867
0 0.180521 0.86375 0.15836 0.162433
0 0.627567 0.652238 0.128146 0.113702
0 0.13981 0.774564 0.118863 0.100709
0 0.37095 0.455233 0.106985 0.109448
0 0.0640104 0.639094 0.114308 0.114966
0 0.634019 0.523391 0.11591 0.0974918
0 0.135547 0.944376 0.11479 0.110258
0 0.425607 0.881332 0.0999458 0.103618
0 0.129273 0.266529 0.104039 0.119337
0 0.956899 0.36233 0.0850899 0.0780885
0 0.568929 0.570016 0.0818491 0.0846525
0 0.953932 0.284543 0.0743183 0.0766377
0 0.276607 0.011761 0.0992669 0.0233637
0 0.677789 0.561435 0.0783819 0.0779188
0 0.111138 0.283146 0.14271 0.154124
0 0.885451 0.753185 0.11054 0.0699619
0 0.880922 0.770248 0.113194 0.0984129
