0 0.372785 0.345194 0.0892005 0.0806257
0 0.582618 0.191089 0.127905 0.112359
0 0.868366 0.300126 0.152632 0.132828
0 0.323687 0.408555 0.105321 0.0949312
0 0.780889 0.382046 0.12894 0.109237
0 0.0396242 0.95008 0.0789249 0.0998405
0 0.692683 0.0639721 0.158672 0.127944
0 0.271721 0.0339376 0.107174 0.0678752
0 0.132283 0.28035 0.0871792 0.0763833
0 0.777524 0.721891 0.0941733 0.0967993
0 0.200098 0.361275 0.072201 0.0725898
0 0.882774 0.430324 0.149847 0.134282
0 0.0271913 0.0260944 0.0543178 0.0514561
0 0.211144 0.254984 0.0793063 0.0927924
0 0.177817 0.213081 0.0889649 0.0888243
0 0.710831 0.76304 0.0974966 0.0878333
0 0.650049 0.440399 0.102331 0.093829
0 0.0454728 0.204065 0.0909456 0.109602
0 0.733261 0.886134 0.077404 0.0735849
0 0.628767 0.55044 0.0963049 0.10222
0 0.109439 0.207635 0.083974 0.0910147
