0 0.260242 0.215283 0.0904216 0.0885285
0 0.833685 0.52143 0.0899444 0.0979653
0 0.786951 0.37732 0.128366 0.113816
0 0.339325 0.0788848 0.0841213 0.0843683
0 0.757459 0.286265 0.1157 0.103433
0 0.867175 0.284711 0.0993395 0.0972573
0 0.340691 0.266376 0.0736717 0.0720587
0 0.149488 0.563042 0.0936521 0.0953354
0 0.267675 0.285234 0.0851992 0.0772858
0 0.401316 0.243586 0.0881709 0.0828506
0 0.964969 0.35993 0.0694799 0.103752
0 0.224059 0.955606 0.093649 0.087492
0 0.311276 0.955393 0.090902 0.0892149
0 0.641742 0.836068 0.0778709 0.076397
0 0.317933 0.528616 0.0785033 0.0681711
0 0.776227 0.776849 0.0849097 0.0793287
0 0.370766 0.619351 0.075229 0.0792439
0 0.0413199 0.476774 0.0486462 0.0478188
0 0.762041 0.443725 0.0887113 0.0693964
0 0.591376 0.252325 0.060049 0.0598609
0 0.49084 0.711863 0.074601 0.0793122
0 0.650484 0.155386 0.0801611 0.0717415
0 0.150881 0.832146 0.0751482 0.0677698
0 0.118047 0.029231 0.0758972 0.0576321
0 0.688859 0.987941 0.130949 0.0241181
0 0.0719822 0.194656 0.0474317 0.0494543
0 0.537865 0.675737 0.0727012 0.0691504
0 0.0777895 0.776853 0.0727972 0.0686705
0 0.140239 0.218967 0.0363973 0.0423277
0 0.165631 0.222449 0.0318512 0.0347248
0 0.370069 0.674244 0.0697881 0.068298
0 0.0159171 0.770819 0.0318341 0.0514637
0 0.970535 0.256769 0.0589303 0.121627
0 0.207864 0.20864 0.0557665 0.058839
0 0.128499 0.78317 0.0505241 0.0619909
0 0.271331 0.0196865 0.0541081 0.039373
0 0.921355 0.122154 0.0817425 0.0583756
0 0.138686 0.40014 0.0317488 0.0410113
0 0.973413 0.811878 0.0526604 0.10815
0 0.198111 0.0228491 0.0581262 0.0456213
