0 0.773077 0.434222 0.0546801 0.0518496
0 0.604437 0.273404 0.0474335 0.0459087
0 0.646782 0.271442 0.0472004 0.0445526
0 0.121379 0.571159 0.0714926 0.0741417
0 0.0444991 0.802785 0.036122 0.0369558
0 0.118093 0.900075 0.037045 0.0360102
0 0.361644 0.801098 0.0345506 0.0350128
0 0.270476 0.393769 0.0493893 0.0594698
0 0.608387 0.310744 0.0537273 0.0456044
0 0.187771 0.503852 0.0544554 0.0516297
0 0.233388 0.689903 0.0466111 0.0461589
0 0.179319 0.727679 0.0357152 0.0347516
0 0.123313 0.580805 0.0640281 0.0542593
0 0.0940919 0.158003 0.0645447 0.0493003
0 0.397601 0.356067 0.0832826 0.0983301
0 0.0630051 0.758479 0.0327553 0.0385517
0 0.0722348 0.0471949 0.061031 0.0607208
0 0.218443 0.0130862 0.0641867 0.0260618
0 0.308979 0.815299 0.0367456 0.0424635
0 0.294875 0.0771116 0.0443842 0.0401921
0 0.00773573 0.765753 0.0154715 0.0616701
0 0.393787 0.367598 0.0645538 0.0736655
0 0.331255 0.559027 0.0555318 0.0612753
0 0.0804107 0.0398773 0.0761089 0.0732408
