0 0.805736 0.645876 0.0815204 0.0842065
0 0.849518 0.154173 0.0775753 0.074623
0 0.261267 0.830138 0.0908574 0.0912639
0 0.875818 0.118216 0.0718689 0.070092
0 0.793701 0.216105 0.0740455 0.076843
0 0.805839 0.104458 0.0754942 0.0744197
0 0.707215 0.594458 0.0660458 0.0603153
0 0.605003 0.777119 0.0681049 0.0686142
0 0.922066 0.412487 0.0578247 0.0558887
0 0.759275 0.422309 0.03671 0.0394417
0 0.483365 0.0581837 0.0701516 0.0815256
0 0.652749 0.0557151 0.0536238 0.0565881
0 0.978714 0.465194 0.042064 0.0436608
0 0.929036 0.413382 0.0415726 0.0518508
