0 0.457639 0.0936475 0.144986 0.139815
0 0.762084 0.189955 0.13649 0.142957
0 0.753706 0.718401 0.162509 0.138763
0 0.0367981 0.216706 0.0731473 0.113461
0 0.053659 0.500264 0.106758 0.179316
0 0.2663 0.0681642 0.163244 0.105376
0 0.805482 0.611908 0.148396 0.129784
0 0.616764 0.423864 0.148968 0.113329
0 0.58058 0.0310105 0.115348 0.0620211
0 0.824666 0.318071 0.127738 0.113032
0 0.731935 0.501463 0.108273 0.109534
0 0.433577 0.820034 0.0856808 0.0821762
0 0.276518 0.0281165 0.16551 0.056233
0 0.0525363 0.872917 0.10336 0.109539
0 0.977265 0.031859 0.0454703 0.063718
0 0.946521 0.501004 0.092643 0.0971317
