0 0.725583 0.670161 0.111613 0.112573
0 0.808717 0.432856 0.106687 0.0952137
0 0.508025 0.531564 0.120777 0.100561
0 0.773863 0.816744 0.109866 0.11524
0 0.161086 0.287155 0.0823284 0.0846029
0 0.956959 0.453764 0.0854802 0.127764
0 0.321064 0.731179 0.133718 0.109667
0 0.736903 0.435868 0.0919822 0.101354
0 0.706425 0.0369627 0.097352 0.0738926
0 0.900272 0.683971 0.0820877 0.0921698
0 0.327354 0.928803 0.0974514 0.101198
0 0.769864 0.30221 0.109376 0.114376
0 0.647897 0.00952681 0.118951 0.0186832
0 0.416796 0.961768 0.0811782 0.0749992
0 0.310423 0.0269343 0.0986975 0.0538686
0 0.960101 0.630888 0.0776382 0.0832379
0 0.7248 0.210204 0.101086 0.084554
0 0.847541 0.58261 0.0909348 0.0836927
