0 0.264213 0.0983354 0.119043 0.11535
0 0.723688 0.303442 0.13999 0.136163
0 0.177378 0.120374 0.111472 0.112294
0 0.499787 0.394609 0.0901051 0.0776146
0 0.69978 0.0508735 0.0997422 0.100926
0 0.288832 0.175017 0.111692 0.102248
0 0.377905 0.295428 0.124115 0.113915
0 0.453941 0.236608 0.102144 0.105406
0 0.968149 0.574551 0.0637024 0.113818
0 0.423841 0.857995 0.12562 0.121736
0 0.0283228 0.843973 0.0565676 0.129416
0 0.346408 0.879222 0.0953059 0.114709
0 0.102296 0.517905 0.0955496 0.0923252
0 0.0927678 0.72129 0.14152 0.146287
0 0.0297103 0.765881 0.0592326 0.112283
0 0.622365 0.885474 0.0877137 0.0891037
0 0.550468 0.512351 0.0808966 0.0707943
0 0.391734 0.240833 0.0701759 0.0559485
