0 0.546195 0.0919983 0.124158 0.111082
0 0.458856 0.144887 0.120306 0.117716
0 0.177781 0.452895 0.120242 0.142651
0 0.386093 0.0455717 0.0997324 0.0911434
0 0.0639112 0.466278 0.127446 0.159401
0 0.286436 0.936844 0.124879 0.116814
0 0.325861 0.06244 0.0833358 0.0902263
0 0.0738202 0.362053 0.104508 0.0948137
0 0.575539 0.134425 0.106003 0.0959483
0 0.214484 0.247959 0.0834608 0.0862761
0 0.247715 0.911433 0.111772 0.108425
0 0.183324 0.021861 0.102323 0.0436768
0 0.484769 0.0441197 0.0962424 0.0866963
0 0.221151 0.913128 0.0573151 0.106041
