0 0.330021 0.528248 0.1306 0.115545
0 0.195975 0.507845 0.0994622 0.0944148
0 0.549882 0.645266 0.111335 0.103425
0 0.197003 0.954918 0.0748491 0.0720909
0 0.448331 0.631141 0.100104 0.0937116
0 0.139812 0.901426 0.0816355 0.0868282
0 0.590317 0.484396 0.0945913 0.0966629
0 0.192582 0.161748 0.0981533 0.0898865
0 0.979085 0.838453 0.0414109 0.0936045
0 0.523833 0.728154 0.0995495 0.0856034
0 0.239472 0.597293 0.0850201 0.0816787
0 0.671059 0.969517 0.0822815 0.0609655
0 0.128456 0.971902 0.0796364 0.0561951
0 0.598696 0.913653 0.0772959 0.0703613
0 0.207023 0.464615 0.0888095 0.069437
0 0.160077 0.252878 0.100227 0.100057
0 0.366323 0.487241 0.0788957 0.057692
0 0.688431 0.877753 0.0941123 0.0888197
0 0.579041 0.988856 0.104789 0.0222872
0 0.543729 0.954645 0.0660435 0.0742356
0 0.348933 0.602421 0.0793783 0.0639267
0 0.631091 0.878601 0.0656614 0.0647121
