0 0.309093 0.202406 0.120109 0.12242
0 0.750794 0.293913 0.106122 0.107966
0 0.935431 0.806137 0.104894 0.106006
0 0.43504 0.198534 0.1136 0.11177
0 0.334231 0.280057 0.0945781 0.0817298
0 0.967535 0.302547 0.0609154 0.0660188
0 0.390471 0.630635 0.130205 0.131526
0 0.198621 0.67438 0.0865221 0.0926996
0 0.735449 0.987325 0.116621 0.025232
0 0.575602 0.986987 0.115794 0.0258621
0 0.393242 0.0144324 0.117378 0.0284576
0 0.967513 0.689103 0.0649744 0.0860035
0 0.813775 0.799343 0.0670224 0.0676882
0 0.489954 0.246516 0.0803992 0.0819892
