0 0.210842 0.722343 0.0875256 0.0843333
0 0.737905 0.511698 0.196347 0.173911
0 0.767021 0.91119 0.185429 0.171521
0 0.434603 0.784667 0.164758 0.140465
0 0.368037 0.248857 0.118389 0.114838
0 0.589033 0.321948 0.0813541 0.0896154
0 0.400031 0.493501 0.0870611 0.0879168
0 0.65506 0.388016 0.111223 0.0968269
0 0.674381 0.299777 0.10077 0.0891731
0 0.717185 0.221371 0.0973228 0.0892845
0 0.41986 0.879761 0.159153 0.124001
0 0.78648 0.633616 0.131639 0.135967
0 0.8543 0.421298 0.117762 0.116267
0 0.457859 0.696087 0.148439 0.138647
0 0.681606 0.637356 0.103284 0.133386
0 0.396371 0.0377368 0.0984616 0.0754737
0 0.207094 0.139579 0.12772 0.115032
0 0.392774 0.121156 0.104594 0.104729
0 0.631349 0.214831 0.0954681 0.106909
0 0.443537 0.743596 0.171227 0.221668
0 0.328231 0.479651 0.0695781 0.0702616
0 0.182351 0.148607 0.0850875 0.100791
