0 0.578821 0.474086 0.120203 0.112705
0 0.86597 0.150493 0.119654 0.119414
0 0.448396 0.0469458 0.122916 0.0938916
0 0.610428 0.270345 0.0856371 0.081236
0 0.541935 0.543189 0.111358 0.101824
0 0.588095 0.784789 0.0830179 0.0823683
0 0.288885 0.139513 0.0997598 0.10043
0 0.420437 0.88832 0.0929646 0.0995939
0 0.0348233 0.572553 0.0694307 0.0984634
0 0.164758 0.805718 0.0880917 0.102813
0 0.943104 0.393864 0.088028 0.0891215
0 0.515833 0.949306 0.0820189 0.0896438
0 0.519193 0.375662 0.0555411 0.04137
0 0.233484 0.976572 0.0900533 0.0468553
0 0.341815 0.879859 0.0808201 0.079266
0 0.879815 0.53144 0.0834545 0.0651895
0 0.85544 0.577728 0.0953895 0.0896559
0 0.608137 0.0105072 0.102967 0.0206365
0 0.0190107 0.668917 0.0380213 0.114445
0 0.800133 0.772237 0.0395136 0.0408484
0 0.863663 0.630566 0.0902279 0.0673567
0 0.0444082 0.401525 0.0787039 0.0739764
0 0.514624 0.813172 0.0555395 0.0570896
0 0.407305 0.405548 0.094951 0.0805402
0 0.205499 0.261636 0.0678804 0.0674788
0 0.922143 0.631981 0.0775753 0.0724283
0 0.86212 0.600497 0.10675 0.127247
