0 0.31025 0.937029 0.161568 0.125929
0 0.847089 0.0636387 0.106465 0.10433
0 0.242667 0.863736 0.125225 0.116116
0 0.196443 0.363225 0.121711 0.115456
0 0.927861 0.0365492 0.113369 0.0730984
0 0.768287 0.351958 0.0535576 0.0533363
0 0.540139 0.0496412 0.144593 0.0989004
0 0.0783444 0.177537 0.0941982 0.0882699
0 0.0410728 0.133088 0.0821457 0.0947421
0 0.930168 0.255428 0.0561157 0.0596932
0 0.979544 0.74024 0.0406017 0.113801
0 0.960383 0.286573 0.0789553 0.090381
0 0.00758629 0.708719 0.0151726 0.1067
