0 0.863828 0.340988 0.119647 0.105992
0 0.659793 0.833854 0.113423 0.110797
0 0.909929 0.601248 0.0890591 0.0894047
0 0.466919 0.468509 0.134651 0.110952
0 0.978694 0.532134 0.0423 0.0906503
0 0.460466 0.572071 0.122751 0.105509
0 0.423924 0.643128 0.109805 0.106567
0 0.974065 0.621198 0.0518698 0.0994835
0 0.530076 0.654747 0.114445 0.105188
0 0.675329 0.24106 0.102443 0.0890295
0 0.935963 0.923401 0.101875 0.0762687
0 0.930812 0.976443 0.120975 0.0466936
0 0.592872 0.645221 0.0911632 0.105132
0 0.64652 0.756634 0.0777731 0.0655543
0 0.782104 0.841574 0.0675887 0.0766987
0 0.408233 0.956675 0.0880473 0.0862101
0 0.162926 0.251135 0.115703 0.123645
0 0.10207 0.663926 0.11154 0.116392
0 0.545289 0.773674 0.102272 0.0899292
0 0.488877 0.709555 0.0985674 0.0725151
0 0.0679117 0.112437 0.100522 0.0961535
0 0.391259 0.156125 0.061699 0.0515659
0 0.686024 0.0988075 0.052113 0.0621598
0 0.190909 0.389802 0.075085 0.0671463
