0 0.0714505 0.691459 0.0978683 0.0954189
0 0.815183 0.0553165 0.12105 0.110633
0 0.370072 0.819914 0.0783057 0.0748089
0 0.546919 0.0586419 0.143477 0.116577
0 0.0481366 0.306459 0.0952386 0.0939217
0 0.425473 0.852084 0.0875092 0.0809628
0 0.0746308 0.867625 0.0947501 0.0949791
0 0.0761605 0.376196 0.085119 0.0791189
0 0.0566671 0.59719 0.0993594 0.0953437
0 0.923859 0.304757 0.101464 0.0882499
0 0.423678 0.794029 0.0734182 0.0659051
0 0.484025 0.928267 0.0534963 0.0567568
0 0.0213137 0.883493 0.0426274 0.0971519
0 0.196815 0.0580338 0.0710152 0.0713979
0 0.104688 0.948969 0.0667061 0.0822647
0 0.523977 0.337216 0.05138 0.0457072
0 0.752842 0.0843655 0.0969911 0.0928468
0 0.396701 0.205115 0.0987101 0.0756094
0 0.281393 0.792164 0.0451377 0.0438116
0 0.838771 0.172243 0.067318 0.0696563
0 0.326774 0.424842 0.0453382 0.0387543
0 0.0127992 0.659731 0.0255985 0.11115
0 0.602786 0.959567 0.0889379 0.0748859
0 0.452594 0.973132 0.0614607 0.0518923
0 0.140314 0.0249314 0.0806955 0.0497161
0 0.468954 0.277005 0.0395441 0.040971
0 0.616186 0.990598 0.102646 0.0188036
0 0.902463 0.143472 0.0666512 0.0677847
0 0.270026 0.822594 0.0339362 0.0335028
