0 0.741416 0.944533 0.120711 0.110934
0 0.850862 0.793087 0.121868 0.116214
0 0.779226 0.426105 0.0899706 0.0959493
0 0.778425 0.795311 0.0942627 0.118831
0 0.555054 0.378279 0.103468 0.101346
0 0.58305 0.428437 0.113611 0.0930765
0 0.0241348 0.0280983 0.0482697 0.0557782
0 0.714985 0.476278 0.110953 0.102841
0 0.414724 0.730549 0.0464117 0.041972
0 0.15878 0.313147 0.0568668 0.0495608
0 0.0460748 0.564042 0.091486 0.11903
0 0.503806 0.43564 0.050135 0.04585
0 0.493442 0.71005 0.0488385 0.0466633
0 0.944519 0.990156 0.110963 0.019689
0 0.351061 0.825186 0.0485654 0.0672772
0 0.0112117 0.871029 0.0224235 0.0874388
0 0.0360486 0.471249 0.0708978 0.0690182
0 0.350181 0.811864 0.0380467 0.0419073
0 0.00850046 0.862849 0.0170009 0.0795524
