0 0.428887 0.33707 0.105663 0.0885414
0 0.709017 0.443577 0.121325 0.111847
0 0.874486 0.316801 0.131861 0.122647
0 0.362003 0.0810139 0.117265 0.109531
0 0.46486 0.273487 0.109503 0.0970134
0 0.0457149 0.336041 0.0913341 0.129022
0 0.152847 0.239714 0.117391 0.114576
0 0.0605639 0.531928 0.11151 0.109806
0 0.348645 0.279028 0.0995606 0.0932039
0 0.826249 0.195827 0.121344 0.100979
0 0.809017 0.484876 0.148614 0.122128
0 0.547268 0.179765 0.0939428 0.0946939
0 0.878987 0.11934 0.0987934 0.0925731
0 0.0747585 0.308125 0.0958437 0.100664
0 0.0717906 0.425606 0.106126 0.111988
0 0.651013 0.0259667 0.113498 0.0514646
0 0.922097 0.181802 0.0841163 0.0787225
0 0.329793 0.0219702 0.101772 0.0439405
0 0.537664 0.75702 0.0830328 0.0806986
0 0.286827 0.307665 0.0817391 0.0834173
0 0.421162 0.0223271 0.0808207 0.0445503
0 0.274194 0.319508 0.106176 0.106645
0 0.51669 0.816578 0.0851333 0.0598957
0 0.253955 0.0384569 0.11617 0.0768618
0 0.00724058 0.90873 0.0144812 0.090268
0 0.309468 0.0217734 0.117149 0.0430964
0 0.538447 0.789975 0.135009 0.119566
