0 0.565233 0.371713 0.100157 0.0964319
0 0.332503 0.186989 0.108917 0.100884
0 0.14475 0.564255 0.149839 0.132693
0 0.146084 0.671648 0.139001 0.118462
0 0.517143 0.401147 0.0891815 0.0884259
0 0.602753 0.45845 0.119049 0.107565
0 0.03082 0.770648 0.061159 0.115587
0 0.801372 0.3663 0.0994946 0.0972357
0 0.614887 0.0417411 0.107734 0.0834823
0 0.184816 0.876191 0.107393 0.0970598
0 0.104428 0.775436 0.0983578 0.0892344
0 0.839532 0.0961535 0.100364 0.100764
0 0.390795 0.299172 0.116882 0.109823
0 0.643033 0.136021 0.100949 0.093802
0 0.404683 0.751788 0.0607868 0.055908
0 0.501749 0.710347 0.0496803 0.0456172
0 0.290024 0.958159 0.0593584 0.0633602
0 0.784096 0.512264 0.0931178 0.0825527
0 0.572474 0.196218 0.0619589 0.0648697
0 0.446473 0.242561 0.0892916 0.0855971
0 0.261034 0.770296 0.0483843 0.04906
0 0.332206 0.978635 0.0674926 0.0426859
0 0.774899 0.984733 0.112131 0.030283
0 0.470023 0.66838 0.0531464 0.0567051
0 0.0456506 0.137942 0.0767059 0.0709192
0 0.714516 0.631027 0.0880967 0.093392
0 0.35152 0.24276 0.0954943 0.0560054
0 0.269594 0.853525 0.0818126 0.0908031
0 0.282635 0.949817 0.0750262 0.0793661
0 0.753334 0.51626 0.062314 0.0755554
