0 0.330458 0.953769 0.113949 0.0924618
0 0.917417 0.369108 0.145752 0.122095
0 0.684904 0.584698 0.155533 0.14455
0 0.921149 0.22622 0.122536 0.106847
0 0.362006 0.631219 0.125314 0.116118
0 0.767255 0.928891 0.117728 0.11703
0 0.818001 0.783861 0.149357 0.130301
0 0.682591 0.474563 0.153054 0.122929
0 0.243985 0.225407 0.138367 0.12602
0 0.94152 0.61593 0.116527 0.114561
0 0.318046 0.157398 0.116796 0.111721
0 0.0803994 0.802913 0.111296 0.113091
0 0.163622 0.619085 0.0924587 0.0852788
0 0.651422 0.876926 0.105206 0.114093
0 0.163368 0.56271 0.0938226 0.0681932
0 0.881256 0.693416 0.123392 0.10179
0 0.976216 0.521511 0.0473118 0.0750521
0 0.090643 0.764672 0.0999678 0.0687293
0 0.324047 0.490038 0.0998456 0.102381
0 0.250336 0.282171 0.116366 0.064035
0 0.934084 0.789786 0.0852 0.0834783
0 0.257293 0.269032 0.126501 0.0974483
0 0.306993 0.455331 0.072901 0.071757
