0 0.436232 0.652781 0.119043 0.104895
0 0.709715 0.142544 0.123295 0.10056
0 0.234703 0.0659367 0.0966084 0.105143
0 0.0967554 0.791682 0.106468 0.0962133
0 0.0518353 0.445582 0.0777889 0.070043
0 0.707781 0.0493283 0.134748 0.0986221
0 0.181051 0.401343 0.0809695 0.0762573
0 0.246069 0.973005 0.0897855 0.0539909
0 0.144669 0.723499 0.0836489 0.0768559
0 0.322398 0.0629101 0.0902806 0.0838707
0 0.7946 0.522373 0.0999649 0.0923345
0 0.480004 0.231184 0.0820184 0.0903497
0 0.537405 0.213989 0.0829544 0.0809485
0 0.262831 0.651588 0.0942875 0.0956835
0 0.678736 0.389252 0.0851169 0.0855011
0 0.971431 0.562495 0.0570064 0.0671676
0 0.867948 0.727139 0.0648327 0.0654951
0 0.108197 0.391981 0.0623901 0.0679843
0 0.691102 0.948413 0.0680977 0.069791
0 0.42191 0.749039 0.109174 0.0983158
0 0.346943 0.109702 0.0578893 0.0705314
0 0.11027 0.165914 0.0475078 0.0492421
0 0.775671 0.0665138 0.0633585 0.0754451
0 0.0089513 0.477129 0.0179026 0.0689468
0 0.311306 0.951208 0.0673688 0.0680962
0 0.112777 0.669988 0.0695769 0.0667977
0 0.107538 0.68335 0.0770274 0.0845997
0 0.113425 0.992009 0.0551917 0.0159521
