0 0.573001 0.60834 0.0836554 0.0808017
0 0.599194 0.671579 0.0827253 0.0828705
0 0.723365 0.348724 0.115536 0.106229
0 0.536415 0.886146 0.0818379 0.0844027
0 0.0366709 0.422955 0.0726692 0.100394
0 0.442423 0.559296 0.113403 0.108141
0 0.525601 0.528449 0.0823559 0.0773081
0 0.777164 0.2321 0.0947756 0.090644
0 0.632677 0.906464 0.0788003 0.0738175
0 0.156726 0.955326 0.0859001 0.0679956
0 0.0293002 0.209199 0.0583052 0.108753
0 0.551619 0.944638 0.0785146 0.0643997
0 0.49989 0.990367 0.117405 0.0192658
0 0.173208 0.987302 0.0937284 0.0249889
0 0.334575 0.886056 0.0981772 0.0942188
0 0.975564 0.985938 0.0486351 0.0281248
0 0.987551 0.958561 0.0248222 0.0781246
0 0.477067 0.944074 0.0870006 0.0862567
0 0.977237 0.96463 0.0455254 0.0707405
