0 0.109684 0.12715 0.13594 0.133929
0 0.353416 0.36995 0.153356 0.132911
0 0.858177 0.245625 0.11157 0.10585
0 0.593228 0.0597367 0.110446 0.119473
0 0.793205 0.188478 0.101597 0.103936
0 0.731814 0.204611 0.113066 0.112036
0 0.859634 0.154177 0.0976093 0.0996461
0 0.42786 0.950474 0.117005 0.0990021
0 0.696284 0.0906503 0.104238 0.0928479
0 0.943664 0.300717 0.0842499 0.098732
0 0.730288 0.0212013 0.0892549 0.0424026
0 0.336747 0.459606 0.0731984 0.083263
0 0.580922 0.977399 0.105139 0.0452011
0 0.693281 0.168114 0.0587851 0.072471
0 0.0248311 0.127711 0.0495728 0.124149
0 0.740727 0.265913 0.0765629 0.0429275
