0 0.296544 0.763785 0.134738 0.137281
0 0.194314 0.0605523 0.112534 0.112727
0 0.167588 0.753649 0.126614 0.118964
0 0.309225 0.306231 0.141579 0.119595
0 0.629288 0.671768 0.125928 0.122398
0 0.504177 0.950613 0.0949284 0.0939714
0 0.711309 0.83468 0.0891504 0.0864139
0 0.241674 0.445976 0.0762943 0.0729831
0 0.463376 0.874002 0.0892957 0.0812931
0 0.680873 0.349527 0.101215 0.118481
0 0.685503 0.489026 0.0958939 0.0976046
0 0.286337 0.116005 0.117239 0.109148
0 0.692168 0.75901 0.103826 0.0960113
0 0.402191 0.0304149 0.125849 0.0604067
0 0.807436 0.759601 0.102215 0.109767
0 0.441132 0.315279 0.10709 0.104646
0 0.702662 0.577408 0.0977709 0.0913601
0 0.715081 0.106753 0.0924951 0.0905176
0 0.558294 0.499902 0.105843 0.109332
0 0.28868 0.0182109 0.112027 0.0362339
0 0.959812 0.0636477 0.0801958 0.0984441
0 0.605535 0.0272042 0.101118 0.0543123
0 0.229262 0.915371 0.129138 0.134394
0 0.926783 0.155186 0.115076 0.0993185
