0 0.711392 0.680821 0.118698 0.120588
0 0.216926 0.884289 0.142448 0.145546
0 0.0256092 0.44739 0.0512184 0.105865
0 0.0854843 0.873315 0.149283 0.148656
0 0.469757 0.766727 0.107566 0.0912473
0 0.0606704 0.514556 0.102728 0.0961761
0 0.461581 0.510303 0.0526136 0.0507088
0 0.562981 0.780313 0.0702386 0.0793445
0 0.889432 0.816702 0.122301 0.106883
0 0.393396 0.906819 0.0812942 0.0914852
0 0.613491 0.755693 0.0894799 0.0797833
0 0.516015 0.621841 0.0331823 0.0299389
0 0.527437 0.855355 0.068798 0.0702369
0 0.035031 0.822396 0.070062 0.119078
0 0.529891 0.903792 0.0661737 0.061676
