0 0.529347 0.552983 0.129433 0.124322
0 0.295414 0.482457 0.0907531 0.0924416
0 0.312464 0.0456807 0.107701 0.0913614
0 0.671428 0.53837 0.107675 0.0959076
0 0.393316 0.0764453 0.10088 0.100739
0 0.0467363 0.719132 0.0926325 0.103202
0 0.159867 0.107587 0.122478 0.127659
0 0.666139 0.622223 0.104834 0.101002
0 0.365547 0.904866 0.0889236 0.0920722
0 0.377173 0.260417 0.0939849 0.0886607
0 0.79335 0.748589 0.0631626 0.073983
0 0.856223 0.416389 0.0621083 0.0569916
0 0.234969 0.703906 0.0562038 0.0571724
0 0.837673 0.460006 0.0439918 0.0440511
0 0.985437 0.143142 0.0288 0.0809048
0 0.882452 0.444553 0.0358475 0.0406499
