0 0.126463 0.088762 0.151466 0.128894
0 0.596975 0.131014 0.154309 0.144884
0 0.662783 0.204263 0.137764 0.13751
0 0.228699 0.0866761 0.0751969 0.0915011
0 0.778288 0.852604 0.10335 0.0954067
0 0.842278 0.621759 0.0976933 0.10801
0 0.120009 0.671945 0.110271 0.105244
0 0.626982 0.738003 0.114416 0.10455
0 0.597295 0.866155 0.126016 0.132492
0 0.93312 0.589008 0.0878292 0.0912021
0 0.73563 0.577463 0.0976424 0.0878366
0 0.757262 0.661991 0.116441 0.104768
0 0.488412 0.80417 0.103991 0.0988174
0 0.801126 0.291297 0.129966 0.103801
0 0.802921 0.768868 0.10237 0.0970302
0 0.276738 0.97676 0.133964 0.0459725
0 0.0763405 0.177803 0.128316 0.131628
