0 0.960994 0.0991652 0.0780123 0.126428
0 0.209861 0.742615 0.128669 0.106772
0 0.152393 0.355618 0.118682 0.101724
0 0.59728 0.303697 0.0984467 0.0974589
0 0.179291 0.19795 0.108392 0.101766
0 0.268046 0.182058 0.104864 0.0957228
0 0.842433 0.038337 0.119917 0.0761818
0 0.833622 0.913156 0.108607 0.105595
0 0.021284 0.423594 0.0423699 0.160318
0 0.90633 0.225758 0.0917406 0.0831221
0 0.265549 0.456606 0.0985857 0.104727
0 0.97157 0.0222038 0.0564091 0.0437855
0 0.160471 0.934671 0.0741683 0.0833895
0 0.240377 0.579012 0.10103 0.100056
0 0.035975 0.956018 0.0717397 0.0878057
0 0.0213712 0.399842 0.0427423 0.112166
0 0.94588 0.956095 0.0973108 0.0870022
0 0.840514 0.368394 0.0940569 0.0906349
0 0.00980868 0.430021 0.0193909 0.171193
0 0.702441 0.933458 0.0953448 0.0928062
