0 0.913656 0.5483 0.168737 0.149438
0 0.325264 0.652604 0.164684 0.140824
0 0.310886 0.168688 0.146775 0.135506
0 0.350997 0.472398 0.118803 0.119193
0 0.564447 0.422996 0.137212 0.135418
0 0.397026 0.76525 0.123838 0.111129
0 0.478435 0.489851 0.12234 0.128597
0 0.61066 0.734417 0.115629 0.102876
0 0.96944 0.0456458 0.0611191 0.0912916
0 0.758747 0.660989 0.105767 0.108026
0 0.76031 0.753997 0.10674 0.0954213
0 0.482496 0.800528 0.093817 0.0920711
0 0.294136 0.731385 0.101902 0.0935706
0 0.701713 0.906888 0.14259 0.0962952
0 0.257473 0.497644 0.0837914 0.087405
0 0.510643 0.080601 0.106658 0.103273
0 0.0254969 0.425073 0.0507737 0.0964913
0 0.519953 0.0142958 0.137312 0.0285917
0 0.444182 0.600196 0.101338 0.107136
0 0.27636 0.337619 0.0992218 0.0877824
0 0.362698 0.319774 0.144773 0.150127
