0 0.263568 0.0408498 0.12167 0.0816996
0 0.460196 0.724396 0.0879727 0.0861713
0 0.942771 0.369101 0.114458 0.139265
0 0.759613 0.94427 0.103072 0.107409
0 0.77115 0.677903 0.107226 0.098084
0 0.0926528 0.820857 0.0910276 0.104732
0 0.69338 0.967063 0.0966316 0.0658735
0 0.879721 0.777105 0.0790943 0.0764214
0 0.749287 0.854784 0.0664661 0.074313
0 0.281346 0.671794 0.0931522 0.0857475
0 0.709207 0.562718 0.104907 0.106532
0 0.61069 0.033662 0.0903309 0.0673241
0 0.696637 0.898533 0.0531893 0.0505522
0 0.161036 0.815746 0.0741475 0.0917061
0 0.570698 0.326822 0.0495974 0.0412696
0 0.489021 0.0540675 0.0489967 0.0559271
0 0.700824 0.550382 0.0817589 0.0831344
