0 0.312774 0.512953 0.129992 0.126324
0 0.438342 0.0590967 0.107148 0.103013
0 0.316921 0.406303 0.126495 0.108029
0 0.469359 0.127404 0.0967318 0.0881175
0 0.651014 0.953168 0.102741 0.0936636
0 0.621975 0.895136 0.107678 0.106011
0 0.673399 0.363401 0.115063 0.103778
0 0.227052 0.498588 0.107778 0.118281
0 0.578166 0.515201 0.107032 0.10345
0 0.93252 0.0239049 0.0896297 0.0478097
0 0.719069 0.432005 0.101029 0.0994145
0 0.961401 0.92824 0.0771978 0.100267
0 0.17826 0.516042 0.0963535 0.10559
0 0.834562 0.854938 0.0508987 0.0507271
0 0.963614 0.975879 0.0721714 0.0482422
0 0.158905 0.986916 0.10831 0.0259686
0 0.825501 0.927861 0.0399675 0.0384842
0 0.0214501 0.939687 0.0427488 0.0773762
0 0.423249 0.0103065 0.114602 0.0201183
0 0.154852 0.16211 0.0336965 0.0324291
0 0.0090067 0.835984 0.0179387 0.072328
0 0.0201068 0.981877 0.0391296 0.0362316
0 0.693156 0.980106 0.0795284 0.039
0 0.0776221 0.740106 0.036377 0.0445747
0 0.046947 0.756737 0.0376704 0.0391282
0 0.241678 0.779794 0.0444712 0.0417516
0 0.0396681 0.716008 0.0364451 0.039484
