0 0.113866 0.142259 0.111547 0.120059
0 0.0740068 0.270674 0.124571 0.117534
0 0.826633 0.126219 0.111981 0.117707
0 0.752138 0.54446 0.116402 0.115133
0 0.119935 0.691669 0.116056 0.121346
0 0.462199 0.645535 0.11152 0.111399
0 0.0555532 0.839696 0.10758 0.113007
0 0.0645325 0.652129 0.125525 0.120586
0 0.0407812 0.108376 0.0810521 0.118094
0 0.308694 0.106227 0.101812 0.108285
0 0.429216 0.947436 0.112761 0.104319
0 0.384211 0.736236 0.125448 0.118196
0 0.227548 0.159927 0.0978136 0.112266
0 0.147674 0.950886 0.0922542 0.0841869
0 0.724012 0.325841 0.0548973 0.057495
0 0.764012 0.201674 0.0501029 0.0456015
0 0.909193 0.112464 0.121272 0.136557
0 0.764317 0.895769 0.048468 0.0510925
0 0.0459698 0.572024 0.0919397 0.107428
0 0.780032 0.624468 0.107105 0.0868829
0 0.306023 0.861651 0.109425 0.120386
0 0.53693 0.20658 0.0633534 0.0561808
0 0.0325836 0.0272353 0.0651671 0.0544705
0 0.695672 0.034201 0.0489119 0.0529434
0 0.76468 0.10301 0.0617618 0.0681518
0 0.804793 0.887662 0.049814 0.0502255
0 0.944048 0.513896 0.0580536 0.0493481
0 0.784551 0.29992 0.0481817 0.0515909
