0 0.667813 0.103002 0.104617 0.0958944
0 0.273203 0.458604 0.11778 0.111431
0 0.811576 0.472844 0.115115 0.101546
0 0.0409819 0.304858 0.0813388 0.120376
0 0.29936 0.555538 0.121065 0.105438
0 0.325992 0.895793 0.112075 0.11058
0 0.628064 0.159207 0.115208 0.0975988
0 0.0755355 0.0552772 0.11573 0.103373
0 0.39149 0.94168 0.0902387 0.0797979
0 0.264841 0.142503 0.0997348 0.0901543
0 0.578343 0.61135 0.11556 0.0980182
0 0.172581 0.307115 0.0888108 0.0885475
0 0.214544 0.789928 0.0869995 0.0992441
0 0.184259 0.427654 0.0911758 0.0880325
0 0.0581789 0.39583 0.0818805 0.091386
0 0.463477 0.279578 0.0811749 0.0860567
0 0.174585 0.582023 0.0975045 0.104339
0 0.0177965 0.40856 0.035593 0.121573
0 0.264063 0.204464 0.102072 0.0785853
0 0.014219 0.534306 0.0284379 0.117213
0 0.146173 0.205815 0.0733411 0.0707174
0 0.323403 0.305306 0.0892715 0.0617866
0 0.14418 0.989534 0.135874 0.0209321
0 0.284627 0.683671 0.108295 0.0935904
0 0.308226 0.0337839 0.0772465 0.0666537
0 0.182957 0.360618 0.0952619 0.0675399
0 0.451212 0.035522 0.106927 0.0703678
0 0.303416 0.20453 0.0765035 0.0859226
0 0.570868 0.0353861 0.100658 0.0699788
0 0.28858 0.212202 0.105388 0.0963749
0 0.326276 0.316145 0.0904214 0.0789502
0 0.288401 0.647563 0.0931329 0.0703989
0 0.380655 0.719927 0.0880798 0.0893524
0 0.291873 0.787294 0.105107 0.0956015
