0 0.475758 0.0497361 0.139811 0.0994721
0 0.853147 0.550657 0.163107 0.165588
0 0.338183 0.413289 0.156384 0.141036
0 0.735392 0.313997 0.137745 0.13288
0 0.349116 0.766227 0.128047 0.1286
0 0.717715 0.948917 0.161734 0.102166
0 0.422563 0.132006 0.137207 0.140435
0 0.844625 0.938128 0.135425 0.123645
0 0.960716 0.587457 0.078568 0.139505
0 0.479031 0.954568 0.173237 0.0908337
0 0.268766 0.0736242 0.113494 0.11061
0 0.529334 0.508736 0.109429 0.112804
0 0.650836 0.739844 0.0707358 0.0668402
0 0.293732 0.932586 0.0980947 0.0881432
0 0.253602 0.975477 0.142548 0.0486084
0 0.662984 0.210006 0.133727 0.132856
0 0.145251 0.217561 0.070937 0.07007
0 0.604079 0.166356 0.099896 0.108637
0 0.342184 0.585645 0.0903894 0.0930565
0 0.207597 0.909685 0.0914755 0.0907972
0 0.0647662 0.970417 0.0888603 0.0591658
0 0.930982 0.192477 0.109988 0.108805
