0 0.35759 0.573617 0.113526 0.122268
0 0.284716 0.821172 0.127722 0.118273
0 0.63033 0.674708 0.110335 0.127451
0 0.399359 0.823316 0.121317 0.123795
0 0.669953 0.956482 0.133939 0.0870362
0 0.273776 0.0385092 0.14662 0.0770183
0 0.505101 0.84662 0.0838996 0.082433
0 0.970742 0.930021 0.0585154 0.0962574
0 0.205279 0.350909 0.110647 0.108293
0 0.504536 0.657413 0.0926228 0.131297
0 0.499153 0.968185 0.0985424 0.0636306
0 0.035654 0.676724 0.0709136 0.126328
0 0.622521 0.165145 0.0516483 0.0578464
0 0.901541 0.981966 0.113685 0.0353348
0 0.589378 0.767724 0.0879246 0.0754039
