0 0.16607 0.195101 0.118157 0.102491
0 0.491707 0.693657 0.152633 0.144403
0 0.0270148 0.817916 0.0536511 0.116841
0 0.0602217 0.764635 0.118242 0.116859
0 0.180584 0.450009 0.110868 0.122149
0 0.91369 0.0731184 0.113024 0.106571
0 0.901839 0.950052 0.179975 0.0998957
0 0.165207 0.0791637 0.114397 0.108334
0 0.0252594 0.894049 0.0504212 0.0994173
0 0.272153 0.505749 0.112863 0.0973128
0 0.32004 0.171507 0.141575 0.134921
0 0.949831 0.232765 0.0993355 0.106693
0 0.555063 0.804283 0.175363 0.138776
0 0.951503 0.0271551 0.0969948 0.0538263
0 0.41923 0.942023 0.13127 0.115813
0 0.515507 0.594482 0.0991145 0.0879574
0 0.981319 0.748383 0.0373624 0.133669
0 0.28698 0.397058 0.140995 0.122639
0 0.437322 0.928223 0.0997545 0.103187
