0 0.222917 0.037264 0.0928878 0.074528
0 0.145934 0.276087 0.102758 0.104736
0 0.467233 0.511119 0.100255 0.0995844
0 0.955258 0.553932 0.089217 0.114423
0 0.155858 0.406912 0.0945941 0.0872736
0 0.310615 0.0476965 0.0937994 0.0945817
0 0.49131 0.630795 0.0806115 0.0790235
0 0.253823 0.468493 0.0770913 0.0737574
0 0.357018 0.106584 0.0832623 0.0725714
0 0.939238 0.789292 0.081358 0.0907749
0 0.951398 0.953591 0.0963471 0.0922974
0 0.981688 0.797992 0.0364149 0.122533
0 0.100194 0.0379418 0.079058 0.0670569
