0 0.35765 0.906996 0.0911241 0.0925648
0 0.222358 0.533513 0.10734 0.0935068
0 0.368596 0.389645 0.105718 0.102286
0 0.639793 0.0342776 0.118701 0.0685551
0 0.586305 0.961444 0.123302 0.0770573
0 0.0589354 0.102758 0.0960795 0.0945002
0 0.723545 0.95978 0.102345 0.0800278
0 0.22953 0.469122 0.0931765 0.0722955
0 0.448612 0.403357 0.0975598 0.091969
0 0.278812 0.586548 0.0791028 0.074667
0 0.918936 0.07534 0.0540276 0.0555658
0 0.265281 0.94514 0.09086 0.0910263
0 0.85466 0.362439 0.0587379 0.0583468
0 0.11033 0.988666 0.116571 0.0226296
0 0.520588 0.316882 0.0568089 0.0569707
0 0.894681 0.114446 0.0379597 0.0376512
0 0.15455 0.397378 0.0676405 0.0710793
