0 0.345542 0.338149 0.112396 0.1084
0 0.839269 0.762071 0.128886 0.120979
0 0.848076 0.656453 0.135676 0.114681
0 0.065954 0.546691 0.0987416 0.0977116
0 0.917364 0.703673 0.108925 0.109663
0 0.816166 0.335906 0.110452 0.0984648
0 0.0526173 0.691635 0.0815501 0.0873285
0 0.177553 0.213357 0.0968972 0.101589
0 0.596048 0.555705 0.0904871 0.100215
0 0.661003 0.952425 0.109313 0.0941675
0 0.766905 0.682897 0.0835527 0.107323
0 0.824867 0.280973 0.110616 0.0812951
0 0.332043 0.874634 0.0493638 0.0499656
0 0.365421 0.556897 0.0737537 0.0778447
0 0.151307 0.819688 0.0454277 0.0442169
0 0.392404 0.787112 0.0489123 0.0512276
0 0.704786 0.490295 0.0417358 0.0394953
0 0.812677 0.981254 0.107392 0.0369827
0 0.30747 0.738881 0.0556189 0.0602255
0 0.166233 0.857043 0.0486802 0.04958
0 0.743122 0.962551 0.087077 0.0748798
0 0.914301 0.846924 0.0440884 0.0445982
0 0.480165 0.382847 0.0708548 0.06545
0 0.0403621 0.404039 0.0663368 0.0806727
0 0.274697 0.0166897 0.0711332 0.0332721
