0 0.518928 0.300284 0.109115 0.11001
0 0.70839 0.939657 0.142968 0.120686
0 0.668314 0.677129 0.12521 0.128023
0 0.689494 0.353629 0.133408 0.107372
0 0.672527 0.786031 0.110822 0.105244
0 0.126001 0.69274 0.104377 0.0927456
0 0.596102 0.396559 0.108097 0.102244
0 0.594401 0.0295419 0.110304 0.0590838
0 0.802401 0.409357 0.113242 0.102801
0 0.84247 0.877918 0.107638 0.0943093
0 0.119653 0.316638 0.0786966 0.0938141
0 0.9268 0.90668 0.092144 0.0888279
0 0.187211 0.30735 0.101596 0.0974428
0 0.664954 0.491104 0.105089 0.111073
0 0.312796 0.201924 0.068644 0.0651289
0 0.395575 0.706259 0.0923203 0.0992637
0 0.428265 0.299459 0.0938721 0.100723
0 0.472892 0.236889 0.0782055 0.0715066
0 0.823668 0.964026 0.0802456 0.0719471
0 0.360714 0.227974 0.067521 0.0804564
0 0.554696 0.941548 0.0432758 0.0422682
0 0.420363 0.310745 0.110851 0.125633
0 0.561934 0.0471549 0.0660915 0.0683686
0 0.505972 0.0152341 0.0643913 0.0303536
0 0.98527 0.424334 0.0290654 0.0578137
0 0.414785 0.32988 0.114567 0.103644
0 0.906498 0.973401 0.088842 0.0531573
