0 0.88322 0.272289 0.131888 0.132052
0 0.179217 0.17446 0.105325 0.100122
0 0.229466 0.333369 0.0820784 0.089412
0 0.945745 0.225278 0.108511 0.136973
0 0.855313 0.641022 0.101949 0.106421
0 0.254519 0.439888 0.116725 0.112317
0 0.273076 0.287708 0.0756725 0.0756978
0 0.927302 0.960511 0.0886648 0.0786338
0 0.334035 0.483233 0.0897337 0.0921225
0 0.952752 0.311263 0.0741897 0.0624965
0 0.407631 0.955324 0.108851 0.087933
0 0.916698 0.345087 0.095747 0.058019
0 0.757353 0.0663268 0.0712855 0.0709606
0 0.920603 0.330392 0.106865 0.0855677
0 0.862093 0.0213543 0.0799606 0.0427085
