0 0.493052 0.264912 0.126285 0.118458
0 0.633739 0.831673 0.121017 0.111638
0 0.657847 0.323823 0.122445 0.120946
0 0.927146 0.527795 0.121002 0.122059
0 0.66491 0.633925 0.0887046 0.0838299
0 0.598514 0.927858 0.1166 0.0985264
0 0.894035 0.0567472 0.094434 0.0911819
0 0.933561 0.363848 0.093448 0.0943739
0 0.0498814 0.983484 0.0997629 0.0327366
0 0.736303 0.519339 0.0720983 0.0697909
0 0.854609 0.171322 0.0920315 0.0905642
0 0.0731848 0.886521 0.0769166 0.0760277
0 0.550824 0.964226 0.0827224 0.0707012
0 0.924419 0.98903 0.0864879 0.0216751
0 0.328863 0.0147937 0.11722 0.028913
0 0.318813 0.0316462 0.0896257 0.0556259
0 0.115592 0.0634495 0.0548284 0.0577874
