0 0.0850809 0.840163 0.168595 0.165985
0 0.654509 0.566802 0.198322 0.168728
0 0.374784 0.61507 0.131899 0.125489
0 0.731149 0.353285 0.128742 0.124094
0 0.709386 0.671905 0.158096 0.135975
0 0.341633 0.697811 0.126968 0.113154
0 0.387994 0.918746 0.13936 0.127456
0 0.646234 0.398502 0.120352 0.111265
0 0.600726 0.690137 0.110026 0.102028
0 0.106704 0.183059 0.155024 0.147081
0 0.0330433 0.986476 0.0660866 0.0262608
0 0.0228332 0.0853509 0.0455609 0.119533
0 0.625938 0.987956 0.110806 0.0237942
0 0.333852 0.784318 0.113197 0.0918792
0 0.914809 0.36666 0.116794 0.116869
