0 0.651308 0.647219 0.112569 0.108698
0 0.739145 0.504693 0.101875 0.102452
0 0.0464854 0.441889 0.0928702 0.108602
0 0.688186 0.757868 0.0817747 0.0775882
0 0.364688 0.809577 0.0849052 0.0883744
0 0.895033 0.364119 0.124657 0.0970176
0 0.614427 0.137036 0.0868904 0.0874096
0 0.0660127 0.534887 0.111506 0.106911
0 0.121617 0.956722 0.0942736 0.0853373
0 0.677318 0.579113 0.128396 0.0964791
0 0.0507632 0.225314 0.101382 0.107289
0 0.0533643 0.095333 0.106109 0.126487
0 0.896974 0.188359 0.126383 0.122616
0 0.84036 0.0548349 0.134309 0.109494
0 0.511846 0.127703 0.100791 0.0985479
0 0.49743 0.408329 0.102389 0.0718292
0 0.666747 0.463658 0.0692118 0.070816
0 0.0494795 0.761384 0.0989589 0.10336
0 0.872749 0.454363 0.131601 0.109987
0 0.539631 0.527716 0.0511892 0.0605924
0 0.632687 0.955646 0.0767379 0.0681206
0 0.476664 0.504539 0.0868191 0.0810708
0 0.35428 0.638204 0.0642859 0.0531751
0 0.0187109 0.724045 0.0370726 0.0977087
0 0.454956 0.80807 0.07549 0.0801844
0 0.887854 0.443171 0.109989 0.0745672
