0 0.778544 0.596967 0.124171 0.11541
0 0.93832 0.510642 0.0987165 0.0969632
0 0.434464 0.511557 0.125277 0.124308
0 0.647431 0.784149 0.121292 0.123321
0 0.613729 0.124029 0.108714 0.106525
0 0.16885 0.184442 0.107295 0.0948213
0 0.330079 0.357938 0.116561 0.116927
0 0.0438105 0.535942 0.0871376 0.120243
0 0.289478 0.159183 0.11017 0.100412
0 0.557333 0.869223 0.110611 0.0985374
0 0.737835 0.847014 0.105503 0.102011
0 0.882846 0.935874 0.106265 0.0939392
0 0.855788 0.539763 0.0870577 0.0843757
0 0.910747 0.34468 0.105952 0.112571
0 0.056817 0.64486 0.080851 0.0716375
0 0.839406 0.664657 0.0832783 0.0847159
0 0.900039 0.804905 0.115958 0.121617
0 0.752995 0.945584 0.0799995 0.0849041
0 0.693739 0.211456 0.078934 0.0859474
0 0.262283 0.970884 0.0877358 0.0582325
0 0.458761 0.414784 0.0783499 0.0817679
0 0.774704 0.754511 0.108829 0.102404
0 0.497389 0.141304 0.0493099 0.0518543
0 0.758847 0.372547 0.0566649 0.0449561
0 0.514348 0.105535 0.0706951 0.0513348
0 0.132776 0.86863 0.120631 0.123239
0 0.923771 0.010743 0.105979 0.0212856
0 0.491102 0.14104 0.0421404 0.0457658
