0 0.646937 0.62931 0.16184 0.133273
0 0.615448 0.360557 0.13222 0.140267
0 0.695959 0.509677 0.140024 0.128263
0 0.655982 0.947462 0.192494 0.104857
0 0.496535 0.331874 0.132622 0.118584
0 0.70048 0.210645 0.123844 0.118051
0 0.604122 0.0596858 0.186592 0.119372
0 0.875699 0.0392344 0.108926 0.0784689
0 0.825793 0.667858 0.122108 0.108719
0 0.933192 0.0161655 0.127095 0.0323309
0 0.330555 0.75796 0.090931 0.0890549
0 0.940496 0.205153 0.0827872 0.0900375
0 0.68174 0.304497 0.0915941 0.0881073
0 0.315037 0.00884089 0.128479 0.0176818
0 0.0445338 0.231203 0.0890677 0.0989401
0 0.98008 0.801455 0.0398409 0.101315
0 0.960113 0.958043 0.0793091 0.0839138
0 0.723252 0.442263 0.129256 0.0985591
