0 0.512906 0.649519 0.092009 0.0833931
0 0.500906 0.930306 0.118963 0.119234
0 0.88552 0.223453 0.0868384 0.08127
0 0.431736 0.800269 0.10961 0.105691
0 0.945833 0.948596 0.105724 0.102807
0 0.681447 0.973506 0.10277 0.0529886
0 0.144704 0.966702 0.0750298 0.0665968
0 0.46434 0.625594 0.0630909 0.0698195
0 0.890271 0.303125 0.100756 0.0935444
0 0.0517744 0.338096 0.103178 0.122104
0 0.130808 0.280434 0.0945158 0.0921955
0 0.151722 0.356222 0.0918019 0.095457
0 0.6083 0.536081 0.054745 0.0541654
0 0.510555 0.601589 0.0632218 0.0506101
0 0.0856902 0.942102 0.10266 0.089633
0 0.715597 0.906986 0.104512 0.109074
0 0.83617 0.226475 0.0558683 0.0701856
0 0.196642 0.413879 0.078125 0.0759917
0 0.489622 0.346071 0.053444 0.0513138
0 0.692393 0.843094 0.0859402 0.0711815
0 0.90136 0.0405754 0.0812805 0.0672423
0 0.236249 0.870287 0.0438728 0.0495506
0 0.335445 0.313731 0.0662335 0.0701312
0 0.0301802 0.987713 0.0603604 0.024024
0 0.56928 0.456277 0.0354708 0.0361288
0 0.568849 0.915044 0.092096 0.113765
0 0.443496 0.545634 0.0418641 0.0516308
0 0.695943 0.487159 0.0514801 0.0543022
0 0.624421 0.649078 0.0528929 0.0566452
0 0.624346 0.302121 0.0473639 0.0474774
0 0.489468 0.71345 0.0780048 0.0656909
0 0.959348 0.00996991 0.0691751 0.0198637
0 0.968673 0.097561 0.0626538 0.109788
0 0.268493 0.439221 0.0511478 0.0417482
