0 0.274633 0.611085 0.0925697 0.0817451
0 0.386453 0.133546 0.150227 0.132056
0 0.205258 0.68137 0.127874 0.117603
0 0.657732 0.549884 0.119438 0.11328
0 0.344726 0.385686 0.119669 0.102288
0 0.68387 0.461071 0.111214 0.0943542
0 0.331786 0.189799 0.115088 0.107849
0 0.520347 0.58984 0.115646 0.123105
0 0.59439 0.188452 0.0702399 0.0674447
0 0.0238084 0.0279612 0.0475285 0.0558913
0 0.441116 0.979963 0.077885 0.0400745
0 0.492964 0.984446 0.0829234 0.0303608
0 0.11911 0.705186 0.0685246 0.0737267
0 0.321518 0.850482 0.103895 0.104155
0 0.0696758 0.572023 0.121142 0.103063
0 0.367516 0.545104 0.0873814 0.0922884
0 0.390972 0.74849 0.108987 0.133761
0 0.161082 0.660483 0.065709 0.0833814
0 0.424582 0.823709 0.0710278 0.0594711
0 0.147528 0.992577 0.0997553 0.0148466
0 0.394152 0.777891 0.0846677 0.075951
0 0.303969 0.885499 0.0875801 0.0703232
0 0.52845 0.599789 0.0984475 0.101028
0 0.372419 0.557992 0.10103 0.109393
