0 0.753274 0.0904035 0.106961 0.107246
0 0.731298 0.534776 0.143093 0.140805
0 0.568242 0.641778 0.142503 0.131019
0 0.524786 0.891576 0.12392 0.12369
0 0.0536616 0.0515207 0.106691 0.103041
0 0.809374 0.964605 0.129632 0.0707384
0 0.37096 0.144119 0.113555 0.107424
0 0.633686 0.758249 0.126482 0.124913
0 0.458459 0.923918 0.103874 0.106854
0 0.370034 0.048793 0.104474 0.096131
0 0.0362387 0.142649 0.0724633 0.100232
0 0.507597 0.550032 0.103188 0.105886
0 0.20469 0.857968 0.106878 0.0990894
0 0.47164 0.916503 0.119549 0.112549
0 0.273924 0.864437 0.0947697 0.105495
0 0.198675 0.0981398 0.0663621 0.077157
0 0.236476 0.863763 0.169175 0.110558
0 0.106291 0.166676 0.0886101 0.0954172
