0 0.839908 0.276885 0.140745 0.122016
0 0.50469 0.740393 0.114376 0.114521
0 0.316852 0.577939 0.0990167 0.0990385
0 0.954593 0.790156 0.0903786 0.11624
0 0.919507 0.0994369 0.129456 0.129644
0 0.92603 0.376081 0.110176 0.127509
0 0.813815 0.382573 0.0981485 0.101443
0 0.389053 0.643501 0.109962 0.106024
0 0.917495 0.694613 0.100477 0.10298
0 0.278624 0.767588 0.107877 0.094895
0 0.528129 0.643705 0.126143 0.100276
0 0.327526 0.165297 0.0997954 0.0819351
0 0.32445 0.262419 0.101817 0.0939224
0 0.225363 0.536446 0.0981366 0.0956787
0 0.281191 0.662139 0.103834 0.0904738
