0 0.833876 0.372143 0.141487 0.12991
0 0.0388723 0.550428 0.0775095 0.1298
0 0.949679 0.434998 0.100642 0.11711
0 0.722507 0.307321 0.138503 0.124542
0 0.0368333 0.416239 0.0732733 0.112242
0 0.619864 0.641099 0.0947012 0.0916964
0 0.309795 0.759639 0.0792801 0.0784965
0 0.483444 0.253152 0.102901 0.0981407
0 0.126123 0.95912 0.0972595 0.0815201
0 0.967497 0.540644 0.0649168 0.130521
0 0.768674 0.0544944 0.101661 0.104821
0 0.724293 0.96057 0.113703 0.0788595
0 0.829016 0.122761 0.0936686 0.0808563
0 0.0430364 0.120695 0.0860729 0.0948678
0 0.969867 0.952939 0.0599114 0.0724652
0 0.785228 0.246501 0.0810757 0.0751903
0 0.747562 0.114635 0.0881971 0.0767555
0 0.400309 0.506039 0.0754012 0.0788149
0 0.938606 0.918047 0.0949461 0.0839911
0 0.983727 0.197078 0.0320975 0.0891211
0 0.10249 0.608405 0.0837286 0.0917104
0 0.969034 0.780981 0.0619315 0.0967287
0 0.0117409 0.086659 0.0234292 0.0847652
0 0.584822 0.979798 0.0986649 0.0398735
