0 0.639736 0.84883 0.0975413 0.0833565
0 0.16104 0.112577 0.133792 0.120378
0 0.198186 0.180208 0.121819 0.104706
0 0.427907 0.738584 0.0956522 0.100725
0 0.0461462 0.543331 0.067446 0.0702496
0 0.701344 0.0906672 0.0848181 0.0884162
0 0.357186 0.191946 0.0931967 0.0867518
0 0.771344 0.913709 0.0917602 0.0798027
0 0.669615 0.975059 0.116566 0.0497586
0 0.794652 0.0268643 0.0784245 0.0534616
0 0.583429 0.97446 0.0858187 0.0510801
0 0.154135 0.037221 0.103508 0.0744419
0 0.225548 0.689461 0.0740948 0.0777813
0 0.356963 0.884013 0.0602077 0.0575497
0 0.760944 0.100361 0.061117 0.0802158
0 0.792139 0.970981 0.0881166 0.0573182
0 0.663848 0.929826 0.115682 0.0718857
0 0.647892 0.926899 0.0863735 0.0648411
