0 0.613752 0.799764 0.123952 0.132876
0 0.227148 0.117636 0.165389 0.152861
0 0.680376 0.0606111 0.119398 0.119445
0 0.804597 0.297296 0.108473 0.108285
0 0.150713 0.949658 0.145475 0.100684
0 0.833993 0.692984 0.147268 0.128248
0 0.268642 0.951221 0.0960492 0.0975418
0 0.871932 0.355848 0.106002 0.107911
0 0.750845 0.817642 0.138818 0.118095
0 0.275247 0.797122 0.119041 0.0997406
0 0.887221 0.583599 0.0954046 0.103022
0 0.680835 0.713037 0.118733 0.122446
0 0.468776 0.0254477 0.114648 0.0506535
0 0.938686 0.27617 0.106183 0.103929
0 0.744988 0.0398929 0.10243 0.0796432
0 0.886359 0.226814 0.0957775 0.0847523
