0 0.375583 0.441942 0.151341 0.133295
0 0.653334 0.893048 0.118876 0.114014
0 0.0623197 0.0961394 0.124509 0.133495
0 0.51668 0.94672 0.117827 0.10656
0 0.338824 0.702607 0.118641 0.0955264
0 0.324024 0.542222 0.122813 0.109122
0 0.271297 0.946454 0.0918594 0.0826733
0 0.954277 0.154296 0.0906172 0.119613
0 0.580468 0.528465 0.0716993 0.068755
0 0.676799 0.809259 0.108514 0.0927122
0 0.199226 0.978946 0.127998 0.0416573
0 0.045342 0.326827 0.090222 0.0852823
0 0.0149805 0.281287 0.0293231 0.0985284
0 0.375508 0.889651 0.0850857 0.069989
0 0.376923 0.930856 0.085975 0.0886393
0 0.0089733 0.0301043 0.0179466 0.0602086
