0 0.361732 0.256993 0.135843 0.117159
0 0.249226 0.542728 0.145283 0.12896
0 0.721167 0.436833 0.181101 0.163497
0 0.900326 0.48246 0.116335 0.121031
0 0.0525075 0.159866 0.104914 0.10962
0 0.372079 0.370201 0.128101 0.109815
0 0.38285 0.969063 0.125897 0.0612503
0 0.703708 0.584273 0.149641 0.125977
0 0.671565 0.663376 0.123513 0.105916
0 0.930107 0.779643 0.111556 0.108511
0 0.865461 0.217975 0.125394 0.129424
0 0.543459 0.433186 0.121887 0.1141
0 0.467564 0.439544 0.0968239 0.107867
0 0.0334786 0.411728 0.0624233 0.0688825
0 0.498374 0.521167 0.0853094 0.0806486
