0 0.239107 0.366838 0.0967719 0.099301
0 0.943564 0.447898 0.112873 0.119284
0 0.528622 0.75385 0.0891467 0.0922861
0 0.419001 0.502141 0.0914133 0.0771896
0 0.408933 0.361105 0.0976303 0.0865518
0 0.449812 0.41565 0.085218 0.0836947
0 0.323227 0.834418 0.101357 0.110369
0 0.216152 0.899666 0.115637 0.12051
0 0.142744 0.0264027 0.100383 0.0528054
0 0.962227 0.560446 0.0755457 0.0886366
0 0.314045 0.959177 0.0957744 0.0816458
0 0.0501955 0.941828 0.099783 0.108471
0 0.346585 0.105491 0.0820679 0.0718465
0 0.172795 0.362652 0.0766235 0.0851422
0 0.817 0.866644 0.0917268 0.11281
