0 0.875684 0.670337 0.110937 0.110452
0 0.449999 0.638972 0.137634 0.141078
0 0.717412 0.332939 0.107702 0.121016
0 0.548765 0.479656 0.114604 0.110339
0 0.304704 0.0926232 0.113706 0.123329
0 0.532659 0.256805 0.167078 0.135596
0 0.528839 0.0886021 0.127403 0.129542
0 0.19641 0.683835 0.116438 0.12541
0 0.930893 0.0726593 0.112753 0.104814
0 0.265914 0.379112 0.0951138 0.0971206
0 0.897566 0.720177 0.0988659 0.0768591
0 0.137583 0.978962 0.101529 0.0420769
0 0.0905588 0.700368 0.0873396 0.109074
