0 0.621785 0.195137 0.0872669 0.0836445
0 0.933352 0.0999593 0.132788 0.127917
0 0.2249 0.734947 0.115309 0.111601
0 0.762765 0.412229 0.0928699 0.0870565
0 0.936521 0.220694 0.126219 0.12669
0 0.768866 0.757117 0.10407 0.0992565
0 0.399382 0.972579 0.135233 0.0546848
0 0.722708 0.541308 0.123941 0.116447
0 0.2182 0.383746 0.0957792 0.101756
0 0.968633 0.293131 0.0627344 0.127705
0 0.754188 0.0475977 0.0676167 0.0783009
0 0.26066 0.0240488 0.0831814 0.0480472
0 0.0198485 0.730357 0.0395512 0.100361
0 0.852512 0.320184 0.127516 0.10566
0 0.21074 0.0293429 0.0608334 0.0573453
0 0.0522797 0.9092 0.0921599 0.0919371
0 0.0172794 0.826802 0.0345589 0.104594
0 0.0760954 0.820523 0.0932317 0.0927544
0 0.901742 0.0112919 0.140809 0.0221373
0 0.274446 0.0241526 0.056759 0.0483051
0 0.964831 0.428221 0.0701456 0.0944631
0 0.856965 0.403223 0.104254 0.100947
0 0.853108 0.248754 0.0913399 0.0799217
