0 0.0485247 0.0640901 0.0964862 0.125085
0 0.444643 0.849609 0.111371 0.109059
0 0.944905 0.76435 0.11019 0.137173
0 0.38809 0.916516 0.108531 0.100556
0 0.278336 0.291731 0.121914 0.0787186
0 0.0643643 0.480221 0.108616 0.105579
0 0.904303 0.357451 0.113564 0.10118
0 0.1447 0.96478 0.104304 0.0704405
0 0.0662495 0.018621 0.113402 0.037242
0 0.755447 0.39129 0.117406 0.110937
0 0.016361 0.581486 0.0327221 0.101767
0 0.345809 0.845669 0.0796433 0.0806686
0 0.756921 0.340443 0.106548 0.0783575
0 0.978914 0.632381 0.0421713 0.127458
0 0.0695385 0.0194048 0.139077 0.0384981
