0 0.833336 0.539365 0.104224 0.0950437
0 0.675989 0.702006 0.108695 0.10333
0 0.655245 0.319905 0.101812 0.101508
0 0.681725 0.570089 0.113119 0.113711
0 0.098268 0.6901 0.101981 0.100393
0 0.0258035 0.137094 0.0515916 0.0910754
0 0.839019 0.0318417 0.0875269 0.0632165
0 0.172615 0.817026 0.1035 0.0943024
0 0.170766 0.944505 0.107179 0.105947
0 0.733276 0.953363 0.0935799 0.0820698
0 0.765318 0.580931 0.0895122 0.0771127
0 0.820139 0.862649 0.0918965 0.0842073
0 0.903479 0.602064 0.0855448 0.0798634
0 0.244365 0.966332 0.097233 0.0667675
0 0.976119 0.0303 0.0467476 0.0522115
0 0.759321 0.703739 0.059336 0.0616503
0 0.388015 0.482851 0.0979578 0.0935064
0 0.106479 0.839908 0.0896395 0.0735024
0 0.966733 0.544195 0.0665341 0.113651
0 0.0430165 0.148731 0.0577906 0.0661483
