0 0.48666 0.401399 0.112138 0.113384
0 0.889166 0.789393 0.0866646 0.0862889
0 0.684953 0.0863024 0.13786 0.136918
0 0.918064 0.882457 0.0987564 0.0906923
0 0.965448 0.916238 0.0691042 0.121361
0 0.81994 0.0423219 0.104 0.0846438
0 0.190665 0.741777 0.0643734 0.0641987
0 0.945812 0.817475 0.100827 0.0879723
0 0.790739 0.977663 0.125357 0.0446745
0 0.209472 0.699327 0.0844827 0.0872164
0 0.495539 0.978577 0.09512 0.0428465
0 0.162853 0.325803 0.092252 0.0890748
0 0.711717 0.979517 0.101031 0.0409654
0 0.398102 0.857126 0.066414 0.0668743
0 0.333566 0.879604 0.0737253 0.0728906
0 0.555131 0.773097 0.0708075 0.0630569
0 0.634145 0.322409 0.092161 0.0916716
0 0.717274 0.790908 0.0610403 0.0613763
