0 0.960347 0.0975941 0.079306 0.129012
0 0.595252 0.303582 0.100023 0.0951284
0 0.208606 0.745456 0.136265 0.105601
0 0.263985 0.183159 0.111007 0.1021
0 0.831733 0.912801 0.117262 0.108284
0 0.155303 0.354219 0.122298 0.10919
0 0.177842 0.20432 0.115343 0.121739
0 0.945522 0.942335 0.103394 0.11483
0 0.244611 0.575365 0.0936884 0.0959631
0 0.841904 0.0372924 0.116583 0.0745849
0 0.251675 0.458762 0.0981548 0.108652
0 0.0218261 0.402336 0.0436522 0.119787
0 0.160372 0.93227 0.0846414 0.0787129
0 0.910631 0.218638 0.0891842 0.0799603
0 0.840861 0.376992 0.0964943 0.103232
0 0.0345326 0.95964 0.0690652 0.0806013
0 0.970453 0.0206351 0.0587234 0.0412702
