0 0.952977 0.554311 0.0940466 0.117749
0 0.146774 0.276516 0.104163 0.109495
0 0.467297 0.508681 0.104118 0.105531
0 0.495504 0.62951 0.0833538 0.0841305
0 0.309834 0.0476664 0.0958746 0.0948874
0 0.157725 0.405569 0.0986916 0.0914343
0 0.223225 0.0378513 0.094637 0.0757025
0 0.253907 0.468681 0.0889806 0.0844828
0 0.948422 0.789212 0.0931605 0.0939862
0 0.35771 0.105753 0.0825469 0.0822147
0 0.105917 0.0489292 0.102522 0.0938642
0 0.952184 0.951453 0.0953785 0.0947204
0 0.311828 0.58484 0.0801623 0.079538
