0 0.929151 0.642096 0.140677 0.119835
0 0.0859933 0.483875 0.109245 0.0967192
0 0.205687 0.675518 0.0895753 0.0871045
0 0.777608 0.447443 0.146055 0.133366
0 0.789895 0.702927 0.109844 0.110721
0 0.867071 0.375902 0.142941 0.127129
0 0.313087 0.418481 0.087468 0.0966644
0 0.922225 0.936274 0.150155 0.127451
0 0.367552 0.414258 0.0916386 0.0905512
0 0.469516 0.840352 0.108165 0.0949792
0 0.10187 0.109989 0.104441 0.108
0 0.139022 0.388476 0.101359 0.0972992
0 0.665804 0.619621 0.100072 0.0806662
0 0.679334 0.980223 0.11219 0.039555
0 0.953998 0.293946 0.0890997 0.0911301
0 0.184087 0.893817 0.0472343 0.050967
