0 0.428546 0.300572 0.118942 0.113577
0 0.513421 0.829612 0.106097 0.103742
0 0.878845 0.299083 0.116255 0.109402
0 0.810854 0.599031 0.116532 0.118083
0 0.481362 0.937956 0.110066 0.10236
0 0.795907 0.24535 0.110683 0.110589
0 0.731797 0.607773 0.0907059 0.0913982
0 0.929059 0.412413 0.082058 0.0846702
0 0.451884 0.349812 0.0949 0.0742191
0 0.890721 0.0152419 0.0970547 0.030465
0 0.839916 0.97589 0.103648 0.0475193
0 0.574641 0.951677 0.0914918 0.0913181
0 0.40555 0.889382 0.101461 0.0865011
0 0.499302 0.0305595 0.082043 0.061119
