0 0.813147 0.473453 0.117591 0.104001
0 0.0412543 0.303503 0.0818151 0.120951
0 0.669541 0.103692 0.107863 0.100912
0 0.26816 0.458867 0.127128 0.11283
0 0.29776 0.557509 0.126955 0.112752
0 0.629996 0.162664 0.112611 0.0929159
0 0.326324 0.896604 0.117269 0.11236
0 0.261411 0.143147 0.10984 0.0929119
0 0.075438 0.0579047 0.117193 0.102718
0 0.589306 0.612108 0.0970246 0.094021
0 0.212104 0.789865 0.0877875 0.101004
0 0.293514 0.674434 0.121523 0.117716
0 0.46844 0.282309 0.0896762 0.0896284
0 0.176032 0.42627 0.106206 0.0964545
0 0.32252 0.322785 0.0957058 0.0943913
0 0.384546 0.938879 0.088445 0.0871662
0 0.172123 0.307332 0.0999853 0.0932145
0 0.284451 0.788518 0.0962721 0.0992361
0 0.283844 0.209979 0.114695 0.101502
0 0.160939 0.194754 0.101104 0.0856862
0 0.0192302 0.409764 0.0383678 0.122185
0 0.181763 0.578326 0.113593 0.117432
0 0.180089 0.359158 0.0937601 0.0678428
0 0.0580217 0.395138 0.0833962 0.0915018
0 0.382677 0.719677 0.0850095 0.0917721
0 0.0140654 0.534966 0.0277845 0.112899
0 0.538688 0.6201 0.0926298 0.0888319
