0 0.146255 0.177346 0.119848 0.110241
0 0.527097 0.63902 0.153148 0.145852
0 0.819889 0.869042 0.163667 0.141019
0 0.0531706 0.946946 0.106148 0.105085
0 0.392873 0.323734 0.107996 0.0996576
0 0.737456 0.928135 0.10492 0.101791
0 0.162348 0.0971999 0.105664 0.0937798
0 0.500337 0.103652 0.122762 0.108044
0 0.29583 0.830631 0.103863 0.10307
0 0.389482 0.146907 0.103168 0.0943109
0 0.907868 0.881508 0.11733 0.12906
0 0.332416 0.909864 0.0907134 0.0832565
0 0.376361 0.77294 0.100105 0.108504
0 0.291622 0.0198636 0.119487 0.0397272
0 0.882121 0.76511 0.111645 0.120982
0 0.790956 0.780176 0.118538 0.119849
0 0.711121 0.984102 0.104289 0.0317966
0 0.580629 0.196903 0.0992107 0.0958313
0 0.322097 0.221484 0.0839024 0.0627645
