0 0.530416 0.553492 0.130957 0.126515
0 0.311533 0.04749 0.111558 0.0949799
0 0.392803 0.0760811 0.101101 0.103323
0 0.295192 0.482669 0.0927573 0.0928455
0 0.0486129 0.718656 0.0972259 0.106028
0 0.665326 0.61879 0.106078 0.102144
0 0.671679 0.541096 0.110029 0.0964662
0 0.156427 0.121016 0.120685 0.108871
0 0.375176 0.267174 0.0925536 0.084732
0 0.797136 0.752324 0.0690356 0.0721829
0 0.981458 0.138095 0.0368576 0.0827431
0 0.855066 0.415358 0.0667334 0.0596322
0 0.880608 0.445735 0.0397667 0.0425997
0 0.363003 0.904476 0.0954204 0.0963263
