0 0.166451 0.19357 0.119598 0.10366
0 0.914063 0.0736913 0.110733 0.106801
0 0.902247 0.948024 0.182528 0.103952
0 0.0622461 0.765011 0.116302 0.12106
0 0.167094 0.0795539 0.108251 0.107825
0 0.492474 0.692319 0.153525 0.144162
0 0.0263101 0.816973 0.0520659 0.122381
0 0.183221 0.448015 0.112892 0.122744
0 0.308603 0.41144 0.101291 0.106688
0 0.562639 0.80558 0.164734 0.135324
0 0.02386 0.896104 0.0477201 0.0887562
0 0.310887 0.153243 0.130897 0.108265
0 0.272111 0.504176 0.111966 0.0980034
0 0.952356 0.241811 0.0899414 0.0910589
0 0.950533 0.023849 0.0989342 0.0476981
0 0.980547 0.748018 0.0389059 0.125305
0 0.416274 0.94116 0.124465 0.11768
0 0.249011 0.363344 0.0883254 0.0877171
