0 0.297086 0.762928 0.142093 0.142904
0 0.194175 0.0621594 0.116971 0.113707
0 0.168558 0.754096 0.136092 0.123781
0 0.309847 0.305863 0.148516 0.125932
0 0.505904 0.948125 0.0980411 0.0955402
0 0.628809 0.670003 0.140691 0.133247
0 0.283878 0.118588 0.117465 0.107904
0 0.466781 0.872848 0.0913081 0.0901833
0 0.679253 0.348106 0.114995 0.131202
0 0.80823 0.755101 0.10735 0.113029
0 0.244389 0.4436 0.0822848 0.0827719
0 0.685316 0.762071 0.09601 0.100785
0 0.443206 0.309298 0.110094 0.109474
0 0.712856 0.833542 0.0927879 0.0893055
0 0.924325 0.103248 0.151351 0.181632
0 0.698767 0.576497 0.105771 0.0984262
0 0.384705 0.0329346 0.151123 0.0658692
0 0.556789 0.499672 0.115007 0.117717
