0 0.752585 0.717293 0.169887 0.14198
0 0.0546531 0.500082 0.109306 0.18689
0 0.762429 0.189558 0.141222 0.141916
0 0.822804 0.315108 0.137057 0.117765
0 0.456955 0.0949306 0.146424 0.137337
0 0.806633 0.613557 0.14839 0.131322
0 0.265339 0.068199 0.166165 0.108168
0 0.731674 0.50323 0.107264 0.107909
0 0.038659 0.214815 0.0766897 0.120841
0 0.582274 0.032209 0.121448 0.063952
0 0.433769 0.820441 0.087483 0.0869608
0 0.271926 0.0482038 0.166267 0.096354
0 0.276706 0.0255018 0.170329 0.0510035
0 0.620947 0.429513 0.14402 0.11999
