0 0.840231 0.357036 0.113102 0.105801
0 0.155463 0.313988 0.111259 0.103696
0 0.607219 0.127475 0.122917 0.121483
0 0.945154 0.252627 0.106961 0.0943054
0 0.618202 0.281393 0.130208 0.127209
0 0.899947 0.408633 0.0981043 0.10676
0 0.923264 0.96981 0.113785 0.0601139
0 0.965877 0.322133 0.0682455 0.0998492
0 0.73346 0.417749 0.128465 0.114059
0 0.354121 0.330618 0.084802 0.0912967
0 0.767493 0.971137 0.112131 0.0575595
0 0.891232 0.264037 0.0653196 0.0842343
0 0.199296 0.354127 0.0766992 0.0896317
0 0.984841 0.394471 0.0303178 0.0987716
0 0.72345 0.502814 0.092256 0.0776634
