0 0.712535 0.679982 0.118392 0.119895
0 0.216045 0.8837 0.145543 0.143283
0 0.468896 0.771407 0.114858 0.102738
0 0.087795 0.872928 0.147477 0.149827
0 0.025987 0.446405 0.0515804 0.106689
0 0.463084 0.508463 0.0585751 0.0566809
0 0.564619 0.780433 0.0757502 0.0767002
0 0.0645326 0.515195 0.0989815 0.0967307
0 0.884803 0.822982 0.110118 0.0976139
0 0.614539 0.753728 0.084703 0.0724554
0 0.538574 0.880723 0.0989341 0.100044
0 0.518014 0.616766 0.0452586 0.0419371
0 0.0342491 0.833776 0.0677954 0.134096
