0 0.433302 0.799695 0.110049 0.106903
0 0.886285 0.225284 0.086644 0.0750211
0 0.144069 0.966304 0.0756978 0.0672321
0 0.513067 0.649261 0.0883604 0.0822027
0 0.499808 0.928988 0.120448 0.121506
0 0.945336 0.948048 0.109328 0.103904
0 0.0507951 0.336117 0.10159 0.11971
0 0.891335 0.303002 0.0988188 0.0957197
0 0.714539 0.906094 0.107001 0.0997204
0 0.679713 0.97361 0.1083 0.0527808
0 0.0828566 0.939757 0.106896 0.0925375
0 0.463958 0.625851 0.0663857 0.069226
0 0.837232 0.224717 0.0577934 0.0692625
0 0.69092 0.845254 0.0837786 0.0700313
0 0.152246 0.355372 0.093811 0.097035
0 0.128729 0.276454 0.0847 0.0811698
0 0.609038 0.536487 0.0556244 0.053344
0 0.0307606 0.988424 0.0615213 0.0231516
0 0.570382 0.456702 0.0317251 0.0336908
0 0.235213 0.872427 0.046234 0.0465652
0 0.623035 0.294335 0.0516229 0.0580114
0 0.509713 0.600476 0.0655003 0.049102
0 0.491514 0.345259 0.050896 0.0509998
0 0.44629 0.547798 0.0377317 0.0454226
0 0.625492 0.649036 0.0581663 0.0577455
0 0.696418 0.477591 0.0382074 0.0335581
