0 0.850206 0.793182 0.122915 0.114478
0 0.741103 0.943924 0.12274 0.112098
0 0.554588 0.381983 0.104739 0.0972846
0 0.0405665 0.498276 0.0811329 0.112054
0 0.778606 0.79478 0.0972887 0.116276
0 0.717337 0.474445 0.121277 0.108886
0 0.776513 0.425499 0.093144 0.0995446
0 0.15825 0.312461 0.0570737 0.048942
0 0.41542 0.729697 0.0474086 0.0432299
0 0.569721 0.436107 0.0866078 0.0785059
0 0.504504 0.434544 0.0515123 0.0473605
0 0.492185 0.709916 0.052099 0.0457768
0 0.0311485 0.586565 0.061931 0.0975705
0 0.0224625 0.0285354 0.0449251 0.0570708
