0 0.773411 0.433699 0.0559294 0.0516186
0 0.608046 0.308172 0.0559351 0.0489405
0 0.118131 0.899899 0.0378854 0.0346166
0 0.0448099 0.802514 0.0358045 0.034815
0 0.604462 0.273118 0.0468631 0.0461186
0 0.187453 0.50259 0.0547865 0.0504917
0 0.644792 0.26976 0.0487151 0.0474656
0 0.120381 0.578824 0.0645279 0.057411
0 0.234251 0.690101 0.0484535 0.0484648
0 0.220968 0.0124365 0.0573124 0.0248455
0 0.363286 0.800723 0.0362098 0.0344939
0 0.391453 0.372357 0.0550649 0.0591284
0 0.271165 0.394278 0.0465277 0.0561242
0 0.177563 0.727826 0.0353716 0.033946
0 0.0954824 0.159333 0.056186 0.0413192
0 0.615095 0.192777 0.0794778 0.0699975
0 0.0243257 0.57317 0.038525 0.0348325
0 0.00631444 0.769031 0.0126289 0.047833
0 0.0638908 0.758934 0.0305285 0.0343407
