0 0.32941 0.527848 0.131214 0.118761
0 0.194925 0.508755 0.100149 0.0953116
0 0.587487 0.485091 0.0915956 0.0965742
0 0.522258 0.725799 0.100729 0.095841
0 0.547427 0.646762 0.118271 0.107011
0 0.192917 0.164599 0.0946414 0.0956654
0 0.447182 0.632354 0.101855 0.095593
0 0.238561 0.593733 0.0821219 0.0769396
0 0.196354 0.954186 0.0783685 0.0762157
0 0.66951 0.968853 0.0874662 0.0615683
0 0.129723 0.970712 0.0782802 0.058576
0 0.138936 0.901363 0.0856074 0.089473
0 0.978582 0.838652 0.0428352 0.0992092
0 0.679016 0.87769 0.108659 0.0993427
0 0.367801 0.488598 0.0709622 0.0529637
0 0.16113 0.261664 0.0925048 0.0890144
0 0.597703 0.913448 0.078118 0.0773342
0 0.206113 0.462541 0.092847 0.0650669
0 0.585065 0.989014 0.106462 0.021972
0 0.347498 0.600073 0.0822183 0.0559511
0 0.544967 0.940007 0.0546959 0.0427246
