0 0.467569 0.680493 0.101197 0.0909405
0 0.586809 0.954779 0.126774 0.0904413
0 0.685912 0.958293 0.100705 0.0834141
0 0.949404 0.632028 0.0997368 0.103495
0 0.484393 0.600995 0.100054 0.0871896
0 0.15539 0.151818 0.101278 0.123654
0 0.0349607 0.397543 0.0691015 0.0904028
0 0.0280643 0.924861 0.0561287 0.0638504
0 0.0398524 0.875453 0.0559765 0.0529724
0 0.076805 0.771685 0.071897 0.0716141
0 0.84174 0.635964 0.104051 0.0884041
0 0.282517 0.966179 0.0848964 0.0673245
0 0.759505 0.974029 0.0898793 0.0517982
0 0.611897 0.10337 0.0730953 0.084466
0 0.689461 0.561888 0.0419219 0.0418544
0 0.74853 0.193952 0.085066 0.0860464
0 0.235954 0.730041 0.0874525 0.0877218
