0 0.758739 0.943608 0.104527 0.103841
0 0.690961 0.9679 0.0937027 0.0642006
0 0.951983 0.367748 0.095505 0.13986
0 0.265036 0.0410185 0.118826 0.0820369
0 0.458006 0.725304 0.0892367 0.0831061
0 0.772694 0.676734 0.112814 0.101942
0 0.0909323 0.820221 0.101328 0.109389
0 0.711964 0.561453 0.10661 0.109038
0 0.695511 0.897531 0.0519279 0.0440897
0 0.750384 0.853056 0.0657546 0.0734137
0 0.87799 0.772097 0.0794739 0.0714838
0 0.16193 0.821373 0.0844569 0.0927181
0 0.281513 0.665961 0.0926035 0.080801
