0 0.832793 0.522076 0.0902178 0.0971151
0 0.339808 0.266174 0.0772033 0.0730918
0 0.867555 0.284748 0.103144 0.096578
0 0.757922 0.28584 0.116509 0.102983
0 0.268638 0.284094 0.0842396 0.0786634
0 0.14835 0.5631 0.0933091 0.0955662
0 0.788109 0.378232 0.1291 0.116988
0 0.338533 0.0784502 0.086621 0.080336
0 0.221288 0.956241 0.0942102 0.0875179
0 0.261022 0.215115 0.091178 0.0869758
0 0.305373 0.956496 0.0982594 0.0870085
0 0.964579 0.360961 0.0708414 0.10659
0 0.369542 0.614244 0.0722207 0.070182
0 0.318652 0.5257 0.0746582 0.0649833
0 0.400744 0.243588 0.0942068 0.0850569
0 0.147536 0.833063 0.0691981 0.0670171
0 0.0401326 0.476634 0.0501954 0.0496017
0 0.775877 0.777324 0.0834616 0.0800191
0 0.113995 0.0285491 0.0721925 0.057014
0 0.640583 0.835133 0.0811543 0.0806879
0 0.590814 0.252544 0.0598133 0.0562012
0 0.685577 0.987716 0.131342 0.0245594
0 0.0715019 0.197685 0.0434778 0.0464542
0 0.63919 0.160599 0.088864 0.0726503
0 0.370216 0.672413 0.0672521 0.0649983
0 0.486038 0.706308 0.0682771 0.0657094
0 0.13865 0.218486 0.0367189 0.0398408
0 0.54011 0.678937 0.0821916 0.0621831
0 0.163724 0.220339 0.0340341 0.0407318
0 0.762912 0.443881 0.0816282 0.0647766
0 0.947092 0.809507 0.0891331 0.0839257
0 0.500435 0.740542 0.0690661 0.0547495
