0 0.352801 0.37062 0.152565 0.134081
0 0.860294 0.153881 0.0962971 0.0990077
0 0.11 0.127798 0.139964 0.136361
0 0.791677 0.187873 0.105528 0.101019
0 0.859318 0.246428 0.112213 0.101975
0 0.593742 0.0599405 0.111634 0.119881
0 0.427532 0.950802 0.116417 0.0974979
0 0.703269 0.0881318 0.102377 0.0971488
0 0.733979 0.209378 0.114098 0.110862
0 0.949711 0.302069 0.0910786 0.0944248
0 0.694256 0.16391 0.057371 0.0689518
0 0.579041 0.978357 0.098045 0.0432857
0 0.737859 0.0237426 0.102886 0.0474851
0 0.412528 0.274435 0.108893 0.109258
0 0.338528 0.458742 0.0855847 0.0903831
