0 0.589367 0.105338 0.108513 0.117446
0 0.392118 0.0401822 0.165853 0.0803644
0 0.290205 0.0634559 0.144399 0.126912
0 0.502359 0.112937 0.10976 0.125026
0 0.252693 0.657621 0.113531 0.0955012
0 0.307539 0.721071 0.0993914 0.0886073
0 0.43205 0.754133 0.107475 0.103781
0 0.0554986 0.752894 0.103427 0.116633
0 0.538327 0.200241 0.110826 0.116623
0 0.0823549 0.504795 0.104586 0.116151
0 0.523838 0.986964 0.0992065 0.0260717
0 0.227847 0.746679 0.0823843 0.0928736
0 0.103585 0.517233 0.122767 0.118776
0 0.113832 0.528237 0.109807 0.111005
0 0.125865 0.36127 0.105177 0.105384
0 0.258081 0.763646 0.132612 0.128205
