0 0.31148 0.169208 0.149663 0.133461
0 0.326718 0.65302 0.165152 0.141994
0 0.397498 0.765041 0.125529 0.112593
0 0.912707 0.551323 0.169937 0.146108
0 0.352789 0.473244 0.120007 0.119524
0 0.479003 0.79822 0.106037 0.0993559
0 0.701284 0.910416 0.15099 0.107678
0 0.764359 0.755558 0.103298 0.0990297
0 0.479023 0.484782 0.122575 0.121537
0 0.758405 0.662423 0.11012 0.110443
0 0.609372 0.736564 0.111629 0.108549
0 0.355713 0.332611 0.124827 0.118735
0 0.968153 0.0474209 0.0636932 0.0948417
0 0.295257 0.737276 0.100187 0.0901389
0 0.563097 0.417736 0.129832 0.1223
0 0.518027 0.0140816 0.137331 0.0279477
0 0.0243734 0.425653 0.0487467 0.118124
0 0.260739 0.489658 0.0982661 0.0978371
0 0.508579 0.0823597 0.0923685 0.0912484
