0 0.248768 0.543826 0.146184 0.133856
0 0.362943 0.255526 0.139342 0.121589
0 0.383593 0.968501 0.133657 0.0624485
0 0.719204 0.437948 0.196215 0.164163
0 0.904695 0.48115 0.110999 0.125556
0 0.0539287 0.160393 0.107445 0.112666
0 0.377981 0.371645 0.135591 0.114918
0 0.670886 0.668129 0.137674 0.124024
0 0.534703 0.42415 0.130297 0.137881
0 0.700334 0.58816 0.153735 0.123734
0 0.862985 0.219946 0.129896 0.132059
0 0.497636 0.521775 0.0856099 0.0861737
0 0.469079 0.441107 0.100118 0.112623
0 0.93933 0.788641 0.111002 0.106802
