0 0.0405096 0.949739 0.0809612 0.100523
0 0.78159 0.381894 0.133777 0.11677
0 0.323214 0.408786 0.104157 0.0914108
0 0.372947 0.345328 0.0870406 0.0781158
0 0.584173 0.191829 0.130268 0.113209
0 0.202084 0.36159 0.0685035 0.0687359
0 0.869977 0.299296 0.15517 0.139258
0 0.27006 0.0339602 0.107677 0.0679204
0 0.690773 0.0646305 0.158369 0.129261
0 0.131562 0.281506 0.0839459 0.0742524
0 0.175682 0.214355 0.0912719 0.0839605
0 0.784486 0.720852 0.0927954 0.10288
0 0.655336 0.446312 0.0997301 0.0921374
0 0.0442664 0.204783 0.0885328 0.104932
0 0.215703 0.255843 0.0751297 0.0883921
0 0.883428 0.427741 0.150896 0.128736
0 0.0276398 0.0255819 0.0550808 0.0511637
0 0.105355 0.211338 0.0750358 0.0793938
0 0.858334 0.455019 0.10572 0.0923096
