0 0.885461 0.889851 0.202052 0.186073
0 0.592038 0.589305 0.164101 0.156074
0 0.540015 0.746172 0.146614 0.138217
0 0.738561 0.139928 0.171905 0.172509
0 0.0838085 0.78484 0.0976062 0.114249
0 0.887274 0.0946585 0.181979 0.179304
0 0.17378 0.780843 0.170008 0.169188
0 0.602725 0.124147 0.142834 0.145896
0 0.133905 0.345944 0.142848 0.142011
0 0.203516 0.038512 0.150869 0.077024
0 0.342226 0.091195 0.176783 0.167929
0 0.874303 0.531855 0.110924 0.103269
0 0.567312 0.0544478 0.169993 0.108896
0 0.365757 0.849318 0.119237 0.106483
0 0.117708 0.92025 0.104124 0.110883
0 0.822329 0.239975 0.108369 0.107964
0 0.920554 0.652088 0.111202 0.12259
0 0.221888 0.314884 0.115062 0.108605
0 0.69127 0.0485135 0.127821 0.0969689
0 0.0106076 0.444574 0.0212153 0.11049
0 0.083547 0.883707 0.0651193 0.0596119
0 0.143892 0.0704763 0.10798 0.103241
