0 0.746945 0.821698 0.131799 0.137514
0 0.19122 0.824488 0.120307 0.117307
0 0.423314 0.961352 0.125467 0.077295
0 0.637281 0.242718 0.124399 0.121453
0 0.419959 0.625328 0.10817 0.104946
0 0.186657 0.355799 0.126805 0.120063
0 0.244497 0.905253 0.105823 0.0939614
0 0.0521446 0.396242 0.104289 0.115096
0 0.473614 0.781521 0.0691015 0.0617795
0 0.3236 0.0526779 0.117572 0.105356
0 0.302994 0.653135 0.0926493 0.0908613
0 0.453538 0.890602 0.0941196 0.0928635
0 0.37227 0.493426 0.0987583 0.0914451
0 0.418696 0.806719 0.0781505 0.0619692
0 0.508003 0.310331 0.101526 0.0994133
0 0.8896 0.975976 0.127095 0.0479042
0 0.251819 0.294664 0.101836 0.0874875
0 0.145513 0.896293 0.0765015 0.0618016
0 0.104738 0.60128 0.0806338 0.0937493
0 0.288099 0.697068 0.0761812 0.057869
0 0.979451 0.706773 0.0410984 0.116296
0 0.11405 0.83398 0.067491 0.0652554
0 0.353067 0.268807 0.0957492 0.0906254
0 0.665899 0.158851 0.0799775 0.0803375
0 0.405751 0.911482 0.0627463 0.0690063
0 0.419026 0.77741 0.0614268 0.0365028
0 0.346766 0.414807 0.0737474 0.0773595
