0 0.67514 0.702415 0.111385 0.107974
0 0.0968043 0.69203 0.103948 0.102725
0 0.681211 0.571015 0.121556 0.117314
0 0.833604 0.547021 0.111383 0.109793
0 0.765177 0.584889 0.095544 0.0890367
0 0.237826 0.955781 0.112939 0.088438
0 0.158721 0.942269 0.12672 0.114676
0 0.0259359 0.134575 0.0517269 0.101226
0 0.667974 0.326968 0.0797497 0.0931262
0 0.173149 0.81267 0.102233 0.0986801
0 0.908448 0.608121 0.0860791 0.0785122
0 0.837937 0.0301835 0.0852903 0.060367
0 0.818762 0.865049 0.0984382 0.0905998
0 0.9736 0.0308638 0.0509089 0.0552093
0 0.747716 0.948985 0.121993 0.099315
0 0.754343 0.708419 0.078051 0.0791407
0 0.969565 0.559521 0.0608707 0.127986
0 0.115349 0.856805 0.120638 0.10758
0 0.859779 0.0618736 0.0634968 0.0602523
