0 0.825684 0.125197 0.116185 0.119037
0 0.114373 0.141651 0.117599 0.122934
0 0.0715325 0.272184 0.127278 0.122249
0 0.121421 0.691884 0.118122 0.123664
0 0.753658 0.543217 0.11503 0.11618
0 0.464928 0.644544 0.113602 0.110365
0 0.0495013 0.109311 0.075817 0.119447
0 0.0572763 0.841825 0.111894 0.119268
0 0.31035 0.10685 0.102076 0.114056
0 0.231188 0.159789 0.10082 0.115372
0 0.429401 0.946692 0.111341 0.106487
0 0.0598173 0.653045 0.114689 0.119245
0 0.693696 0.0339039 0.0488094 0.0502308
0 0.764531 0.201611 0.0492575 0.0460399
0 0.147894 0.951634 0.0936455 0.0864056
0 0.385276 0.738533 0.124647 0.112871
0 0.722323 0.324261 0.059347 0.0639117
0 0.0383731 0.0275281 0.0764973 0.0550562
0 0.902221 0.139653 0.0841861 0.0894633
0 0.312794 0.858472 0.105293 0.106146
0 0.763377 0.893261 0.0509068 0.0499302
0 0.787938 0.2983 0.0533346 0.0517666
0 0.750334 0.107178 0.049239 0.0537927
0 0.489213 0.869017 0.0891003 0.0931948
0 0.0489899 0.571887 0.0979799 0.111776
0 0.794368 0.618956 0.07808 0.0707328
0 0.83511 0.171325 0.071891 0.04178
