0 0.437525 0.652516 0.119503 0.105866
0 0.0550061 0.445452 0.0694861 0.068333
0 0.23647 0.0664179 0.100994 0.105475
0 0.0966154 0.792523 0.106366 0.0983583
0 0.707528 0.0509975 0.135037 0.101995
0 0.424789 0.748588 0.101712 0.0949026
0 0.712651 0.143446 0.120238 0.104947
0 0.534769 0.213698 0.0827372 0.07932
0 0.476064 0.228484 0.0748821 0.0877537
0 0.143158 0.72673 0.0872121 0.0846214
0 0.245326 0.972812 0.092003 0.0543764
0 0.181095 0.399852 0.0807054 0.0710776
0 0.111665 0.394455 0.0709245 0.0715686
0 0.260977 0.658514 0.0885418 0.0900234
0 0.793804 0.519317 0.102382 0.102719
0 0.321113 0.0595147 0.0924511 0.0826072
0 0.971695 0.564916 0.0565063 0.0792613
0 0.68509 0.947674 0.062297 0.0685263
0 0.867839 0.728669 0.0677778 0.0644936
0 0.368456 0.79115 0.0732291 0.0680951
0 0.345704 0.109385 0.0607281 0.0676998
0 0.309568 0.950609 0.0693772 0.0652332
0 0.678807 0.520914 0.0840126 0.081085
0 0.10773 0.161196 0.0578274 0.0580747
0 0.516178 0.162345 0.0680429 0.0579869
