0 0.474187 0.051019 0.146773 0.101884
0 0.347686 0.768508 0.137133 0.133885
0 0.421732 0.132161 0.142149 0.145457
0 0.335608 0.412007 0.167951 0.149615
0 0.851 0.551506 0.167726 0.173998
0 0.26798 0.0737726 0.115927 0.111507
0 0.714516 0.945915 0.173897 0.10817
0 0.841015 0.937291 0.147277 0.125418
0 0.734505 0.313906 0.142759 0.138866
0 0.530546 0.508339 0.122201 0.124281
0 0.482771 0.952889 0.187997 0.0942217
0 0.95535 0.583742 0.0888389 0.153171
0 0.293692 0.936625 0.103395 0.0994852
0 0.25399 0.975068 0.148431 0.0495186
0 0.651703 0.739711 0.0717132 0.0718867
0 0.654204 0.21936 0.126257 0.12012
0 0.143044 0.215612 0.0787942 0.0794439
0 0.212354 0.913978 0.104939 0.10511
0 0.609853 0.16896 0.115432 0.111094
0 0.059354 0.968454 0.102705 0.062746
0 0.333995 0.586079 0.0909487 0.101794
