0 0.839444 0.319863 0.109412 0.105293
0 0.933008 0.0987173 0.133984 0.131069
0 0.62185 0.194964 0.0887745 0.0832255
0 0.721611 0.541646 0.123765 0.116844
0 0.226076 0.734801 0.117383 0.109061
0 0.93672 0.222992 0.12656 0.135302
0 0.767618 0.757457 0.109414 0.102466
0 0.763162 0.412731 0.0911255 0.086698
0 0.968491 0.298602 0.0630177 0.118939
0 0.399114 0.972655 0.140008 0.0539902
0 0.272729 0.0225587 0.0614302 0.0445903
0 0.753968 0.0475273 0.069087 0.075139
0 0.0207373 0.728628 0.0414747 0.0980713
0 0.0735063 0.823794 0.0918779 0.0948708
0 0.0582494 0.907019 0.0933589 0.102415
0 0.210415 0.383371 0.0781449 0.100726
0 0.846628 0.401679 0.0972899 0.104277
0 0.904719 0.0119166 0.126577 0.0235102
0 0.963462 0.422281 0.0730758 0.0920147
0 0.019821 0.830666 0.039282 0.107137
0 0.208518 0.0276818 0.0579969 0.0553635
0 0.398732 0.0504912 0.0503067 0.0431766
