0 0.597679 0.669363 0.085436 0.0830625
0 0.037244 0.423086 0.0733985 0.100008
0 0.718821 0.349885 0.109514 0.106056
0 0.572702 0.610526 0.0891567 0.0850447
0 0.441794 0.560219 0.116612 0.110268
0 0.336594 0.885987 0.103635 0.0931921
0 0.631621 0.906378 0.0826569 0.0755768
0 0.537854 0.888775 0.0867642 0.0891939
0 0.526291 0.521797 0.0880389 0.0923357
0 0.779123 0.239132 0.0895187 0.0793967
0 0.551029 0.946154 0.0812727 0.0624123
0 0.0305918 0.208225 0.0610906 0.104014
0 0.155645 0.951647 0.0878069 0.0694461
0 0.108759 0.381761 0.0894101 0.077799
0 0.476425 0.421481 0.0906218 0.0745155
0 0.50547 0.991124 0.129073 0.0177525
0 0.174141 0.986794 0.101104 0.0262253
