0 0.274195 0.332836 0.158482 0.136647
0 0.045973 0.494246 0.091946 0.114452
0 0.803422 0.943375 0.111267 0.104015
0 0.440436 0.726959 0.119938 0.121014
0 0.235356 0.683916 0.138238 0.128759
0 0.544283 0.28349 0.133419 0.115116
0 0.106366 0.62447 0.101231 0.0987077
0 0.734792 0.900214 0.120395 0.103918
0 0.927782 0.373638 0.112538 0.117978
0 0.288374 0.53181 0.111886 0.0945741
0 0.358943 0.45293 0.110326 0.107878
0 0.723049 0.972035 0.129653 0.0549885
0 0.483848 0.684062 0.119611 0.104795
0 0.668886 0.246327 0.101559 0.10218
0 0.0407126 0.552452 0.0813249 0.0805119
