0 0.948432 0.434725 0.103135 0.125314
0 0.834562 0.37205 0.14725 0.133207
0 0.723784 0.30726 0.141403 0.132557
0 0.965414 0.537122 0.0691717 0.132504
0 0.0395025 0.550328 0.0785861 0.13082
0 0.0384275 0.414273 0.0767621 0.114882
0 0.12272 0.958572 0.0907806 0.0828562
0 0.71543 0.961727 0.101681 0.0765465
0 0.482573 0.252015 0.107811 0.0997704
0 0.621384 0.644182 0.0966623 0.0932514
0 0.310641 0.756569 0.0821643 0.0836444
0 0.0425409 0.119863 0.0850818 0.0971921
0 0.836402 0.130832 0.0855424 0.0819071
0 0.788021 0.247223 0.0837599 0.0853057
0 0.969315 0.953722 0.0613694 0.0777832
0 0.754289 0.115429 0.0844858 0.081748
0 0.106741 0.61514 0.0868633 0.0856636
0 0.944056 0.916994 0.107803 0.0935789
0 0.0111577 0.0899964 0.0223154 0.0803017
0 0.770713 0.054122 0.0950751 0.0980429
