0 0.0529342 0.573575 0.105868 0.114214
0 0.769636 0.920515 0.183251 0.158939
0 0.0765403 0.879609 0.136586 0.137324
0 0.879899 0.54709 0.128848 0.118392
0 0.333597 0.538219 0.104048 0.103888
0 0.537439 0.698689 0.166899 0.142835
0 0.422699 0.544336 0.104137 0.106074
0 0.363534 0.946043 0.133025 0.102436
0 0.825507 0.169723 0.129504 0.111172
0 0.82084 0.284969 0.0899221 0.0724908
0 0.762449 0.742218 0.108616 0.111225
0 0.864894 0.216936 0.114639 0.102429
0 0.110051 0.536373 0.0972221 0.0878874
0 0.0432113 0.0136887 0.0864227 0.0270256
0 0.0216592 0.946004 0.0429591 0.107992
0 0.356974 0.980689 0.128985 0.0386219
0 0.0341599 0.534214 0.0671805 0.106505
