0 0.864218 0.341938 0.120027 0.110141
0 0.659135 0.833651 0.116319 0.116652
0 0.908506 0.601432 0.089317 0.0912234
0 0.528772 0.653026 0.11615 0.109715
0 0.46629 0.468541 0.134567 0.113477
0 0.457232 0.572843 0.120357 0.113713
0 0.977316 0.531397 0.0449567 0.0915501
0 0.423868 0.645362 0.110979 0.10563
0 0.930103 0.975142 0.119242 0.0496528
0 0.93688 0.924369 0.109546 0.0836493
0 0.973839 0.622518 0.0523229 0.103218
0 0.678007 0.242046 0.0970962 0.0966259
0 0.596874 0.650754 0.0847067 0.100581
0 0.165619 0.256918 0.12762 0.132419
0 0.787451 0.84382 0.0703533 0.0731981
0 0.645589 0.76194 0.0815412 0.0705817
0 0.410292 0.956524 0.0878927 0.0858493
0 0.497549 0.709269 0.0931368 0.070004
0 0.545874 0.773236 0.0956818 0.0887934
