0 0.143159 0.566132 0.152824 0.138101
0 0.333293 0.188953 0.110685 0.101636
0 0.147586 0.67178 0.140412 0.118502
0 0.565101 0.372077 0.100636 0.0955831
0 0.103166 0.776636 0.0948348 0.0866326
0 0.601297 0.461722 0.119318 0.102634
0 0.642544 0.140132 0.0980398 0.09568
0 0.390093 0.297735 0.119917 0.111181
0 0.841428 0.0961662 0.099888 0.10325
0 0.516413 0.403065 0.090088 0.0859358
0 0.185591 0.877655 0.108487 0.0967045
0 0.405153 0.751111 0.0616956 0.0572701
0 0.803996 0.361897 0.0955198 0.0891809
0 0.0319179 0.770432 0.0632635 0.117009
0 0.616312 0.0398769 0.105625 0.0797537
0 0.783436 0.514005 0.083799 0.0835297
0 0.334844 0.979424 0.0682427 0.0411512
0 0.781881 0.984477 0.0604357 0.0310455
0 0.500138 0.711275 0.0450754 0.0436896
0 0.280045 0.955413 0.0783998 0.0733806
0 0.575234 0.192579 0.0615298 0.0710814
0 0.471159 0.671238 0.0505068 0.0490481
0 0.257889 0.769845 0.0468557 0.0449879
