0 0.577411 0.267278 0.133373 0.127147
0 0.355814 0.46219 0.134462 0.123317
0 0.137188 0.871817 0.132995 0.129845
0 0.779264 0.717009 0.122439 0.111959
0 0.224608 0.0839869 0.128256 0.136462
0 0.692375 0.765529 0.102001 0.102234
0 0.0941263 0.0852153 0.139997 0.133293
0 0.970172 0.702972 0.0596561 0.0961003
0 0.240826 0.447446 0.108858 0.102177
0 0.949008 0.789604 0.100392 0.093547
0 0.0328903 0.481287 0.0651927 0.119368
0 0.204011 0.540049 0.107818 0.10427
0 0.390199 0.5942 0.128006 0.131257
0 0.289874 0.391516 0.103228 0.0943849
0 0.0648855 0.843496 0.101544 0.115776
