0 0.283247 0.938609 0.117804 0.121973
0 0.126233 0.908154 0.0978627 0.0992428
0 0.867117 0.20266 0.120224 0.117312
0 0.901278 0.600603 0.132643 0.121812
0 0.724225 0.131895 0.105804 0.10765
0 0.926389 0.498508 0.105538 0.108366
0 0.356677 0.879961 0.0967365 0.0886356
0 0.32057 0.43484 0.0990238 0.0965313
0 0.0695153 0.843725 0.102064 0.0929981
0 0.882539 0.368117 0.110444 0.11037
0 0.886175 0.928256 0.0907406 0.0938379
0 0.425149 0.615806 0.118978 0.117614
0 0.868026 0.858358 0.0941513 0.092717
0 0.588893 0.0290847 0.106453 0.0581695
0 0.824405 0.0986027 0.0879544 0.0923969
0 0.0133109 0.923837 0.0263771 0.0960301
0 0.896436 0.758482 0.110554 0.0905623
0 0.844742 0.0486745 0.0908496 0.0865141
0 0.972536 0.844466 0.0546545 0.104446
0 0.436961 0.626238 0.119294 0.0998521
0 0.0119366 0.841195 0.023648 0.0888928
