0 0.742107 0.0997973 0.118056 0.114492
0 0.645477 0.809763 0.108987 0.113959
0 0.339639 0.711331 0.128299 0.129346
0 0.301497 0.89203 0.115293 0.109048
0 0.452591 0.673515 0.112091 0.104299
0 0.50702 0.594018 0.130841 0.107315
0 0.603847 0.895919 0.103544 0.109602
0 0.39963 0.917837 0.104478 0.101751
0 0.336533 0.594578 0.154623 0.125248
0 0.788961 0.147376 0.0932894 0.0959064
0 0.663316 0.194797 0.10994 0.104669
0 0.655006 0.539395 0.0674444 0.0670828
0 0.314939 0.441859 0.0822344 0.0816495
0 0.454898 0.986011 0.0818576 0.0279775
0 0.331194 0.378018 0.118311 0.113576
0 0.140371 0.611572 0.0865507 0.0890629
0 0.794512 0.0305598 0.111658 0.0611196
