0 0.518792 0.301092 0.110872 0.108535
0 0.67348 0.784938 0.108326 0.107517
0 0.669705 0.67787 0.125199 0.131887
0 0.709204 0.940319 0.141944 0.119079
0 0.126445 0.692654 0.106907 0.0951617
0 0.59382 0.0314333 0.108127 0.0621452
0 0.687202 0.355666 0.138176 0.113718
0 0.59672 0.400545 0.122183 0.113453
0 0.926809 0.907158 0.0925735 0.0872281
0 0.672554 0.49339 0.0944577 0.107417
0 0.80526 0.40456 0.109253 0.0949433
0 0.841343 0.877904 0.112067 0.0885636
0 0.313292 0.200158 0.0714961 0.0709787
0 0.119242 0.318688 0.0796367 0.0993489
0 0.465341 0.23605 0.0660532 0.0625618
0 0.423979 0.31416 0.103483 0.130988
0 0.835461 0.961498 0.0865349 0.0768343
0 0.386465 0.709401 0.08746 0.0959209
0 0.562212 0.0468453 0.0652418 0.0647622
0 0.371404 0.245381 0.04718 0.0416817
0 0.512191 0.0133848 0.0498829 0.0267509
0 0.177635 0.308849 0.082491 0.089527
0 0.363674 0.19567 0.0345581 0.0316814
0 0.400616 0.151857 0.0330256 0.0343065
