0 0.40706 0.28807 0.12744 0.117392
0 0.335084 0.0524713 0.117735 0.104943
0 0.0578555 0.0670711 0.115711 0.119411
0 0.447367 0.0518775 0.107344 0.0995336
0 0.951491 0.241635 0.0970184 0.116341
0 0.537693 0.0523118 0.0921972 0.102676
0 0.498451 0.689873 0.0871916 0.0945376
0 0.237763 0.445401 0.118992 0.110986
0 0.344119 0.406031 0.123321 0.110789
0 0.546756 0.212462 0.0824599 0.0756547
0 0.438733 0.611445 0.0781277 0.0775676
0 0.501911 0.127675 0.0902719 0.0762716
0 0.556576 0.327865 0.0835652 0.086139
0 0.614183 0.763306 0.0879032 0.070381
0 0.975135 0.325213 0.0495812 0.0963784
0 0.231456 0.325041 0.154998 0.129123
0 0.348354 0.500311 0.0933658 0.0871076
0 0.350713 0.54761 0.0671911 0.0459988
0 0.203985 0.317395 0.101635 0.120563
