0 0.214358 0.3511 0.122761 0.125804
0 0.119214 0.113232 0.144726 0.126755
0 0.516996 0.455353 0.107786 0.113
0 0.513575 0.837376 0.129286 0.13058
0 0.587033 0.249005 0.0814495 0.0858672
0 0.720392 0.722402 0.113486 0.11023
0 0.115923 0.330744 0.0982611 0.0959968
0 0.70142 0.816442 0.102219 0.0980904
0 0.0389782 0.972279 0.0777323 0.054821
0 0.121499 0.684135 0.0664605 0.0642003
0 0.501143 0.725069 0.111288 0.102611
0 0.215323 0.781301 0.0578446 0.0556024
0 0.932197 0.0970924 0.0642765 0.0661253
0 0.412336 0.286354 0.0869592 0.0813496
0 0.00715725 0.894527 0.014302 0.0872728
0 0.0225298 0.104999 0.0448367 0.0904123
0 0.162488 0.235568 0.152198 0.120225
