0 0.696794 0.509975 0.144139 0.12886
0 0.646578 0.628224 0.161171 0.135816
0 0.658271 0.946718 0.19027 0.106562
0 0.614244 0.360899 0.13784 0.139533
0 0.702504 0.209807 0.120979 0.113225
0 0.626999 0.0521862 0.13873 0.103398
0 0.87502 0.0373357 0.105202 0.0746715
0 0.497181 0.331971 0.121224 0.115762
0 0.679126 0.305032 0.0934396 0.0855075
0 0.333191 0.758919 0.0876085 0.0845163
0 0.93377 0.0164876 0.121465 0.0329751
0 0.93903 0.20832 0.0816328 0.0889704
0 0.0401976 0.230989 0.0781115 0.0900698
0 0.317228 0.00880582 0.115744 0.0176116
