0 0.801371 0.2494 0.124969 0.106272
0 0.684348 0.879969 0.128371 0.114307
0 0.176556 0.965916 0.0836934 0.0681688
0 0.7752 0.156381 0.108074 0.101305
0 0.184226 0.55816 0.0904957 0.0812187
0 0.245221 0.74545 0.103185 0.100021
0 0.397958 0.320895 0.0727419 0.0684123
0 0.183855 0.238532 0.0913215 0.0888728
0 0.300255 0.0749982 0.0828341 0.0719284
0 0.846931 0.32403 0.0906109 0.0898632
0 0.509925 0.806277 0.0877243 0.0909178
0 0.295485 0.029348 0.093055 0.0586961
0 0.370091 0.0592058 0.0706382 0.0693112
0 0.349541 0.14864 0.0569806 0.0478383
0 0.508845 0.963696 0.0887856 0.0717812
0 0.338336 0.655948 0.0988407 0.0911801
0 0.325326 0.734148 0.0931275 0.0892178
0 0.562253 0.347284 0.0879487 0.0890092
0 0.265342 0.493354 0.0577145 0.0489189
0 0.885909 0.163041 0.0992325 0.0876409
0 0.460621 0.953694 0.0867619 0.0871342
0 0.349643 0.200748 0.074071 0.0567239
0 0.0524489 0.977447 0.0790725 0.0446094
0 0.155911 0.102892 0.0672449 0.0589196
0 0.685235 0.96591 0.108473 0.0681244
0 0.318913 0.120543 0.0488456 0.0423759
0 0.39597 0.372391 0.0691133 0.0555548
0 0.978401 0.385199 0.043197 0.0648881
0 0.100218 0.441999 0.0513552 0.0487586
0 0.96728 0.274103 0.0654392 0.090218
0 0.138384 0.3455 0.0494938 0.0534449
0 0.758097 0.895381 0.0505164 0.0832169
0 0.865996 0.397394 0.0699902 0.0641712
0 0.522126 0.460859 0.060031 0.0569986
0 0.777544 0.539125 0.0748249 0.0810894
0 0.0929421 0.508036 0.0489447 0.0476534
0 0.519789 0.662415 0.0335696 0.0367134
0 0.0567222 0.0587286 0.0441407 0.0522807
0 0.0574525 0.0528409 0.0397921 0.0393017
