0 0.675286 0.701629 0.109054 0.106879
0 0.0965497 0.691001 0.102528 0.101991
0 0.654385 0.322812 0.102746 0.096875
0 0.172835 0.816297 0.100506 0.0945562
0 0.687367 0.559484 0.10608 0.0939423
0 0.165709 0.949155 0.118895 0.101161
0 0.765749 0.573178 0.0857 0.0683309
0 0.832951 0.536861 0.10356 0.0903698
0 0.837738 0.0315467 0.0875942 0.0622362
0 0.731321 0.950416 0.0973727 0.0878704
0 0.0241773 0.139508 0.048333 0.0884231
0 0.819439 0.869772 0.099291 0.0996479
0 0.974172 0.0303594 0.0504337 0.056836
0 0.904829 0.605327 0.0829251 0.0753139
0 0.782273 0.956884 0.0815144 0.0785877
0 0.754835 0.706594 0.0565941 0.0596811
0 0.385706 0.485047 0.0983577 0.0833651
0 0.244509 0.965594 0.0960012 0.0685329
