0 0.885317 0.226155 0.0849777 0.0757198
0 0.144138 0.965653 0.0762324 0.0686943
0 0.943409 0.948204 0.109968 0.103592
0 0.50011 0.930395 0.119048 0.119271
0 0.890772 0.302452 0.0995207 0.0962783
0 0.431471 0.79956 0.107308 0.105338
0 0.514441 0.64934 0.0882897 0.0822477
0 0.680575 0.973734 0.103415 0.0525327
0 0.465223 0.625074 0.064844 0.0695078
0 0.0516782 0.335368 0.103356 0.121969
0 0.71961 0.905401 0.0948191 0.10581
0 0.50859 0.601535 0.0686073 0.0524899
0 0.60983 0.536997 0.0543032 0.053264
0 0.153159 0.358221 0.091831 0.0970416
0 0.837162 0.227028 0.0575104 0.0684039
0 0.126978 0.275892 0.0871053 0.0827987
0 0.620968 0.292825 0.0585499 0.0614175
0 0.0846623 0.938977 0.105174 0.0880964
0 0.084869 0.568126 0.0918907 0.0998729
0 0.694637 0.841042 0.0914528 0.0640011
0 0.490001 0.344231 0.0493252 0.0469581
0 0.238054 0.871961 0.0411767 0.0460167
0 0.903812 0.0385645 0.0805042 0.0654182
0 0.334868 0.313793 0.0691104 0.0658931
0 0.0294518 0.987634 0.0589036 0.0239878
0 0.570316 0.455553 0.0331945 0.0334966
0 0.971096 0.0994974 0.0578087 0.0986166
