0 0.208512 0.105519 0.140894 0.12175
0 0.251802 0.808654 0.118399 0.108285
0 0.925276 0.957014 0.132504 0.0859712
0 0.377391 0.249713 0.116945 0.115127
0 0.22024 0.219259 0.131989 0.122149
0 0.328399 0.281318 0.113937 0.104339
0 0.494302 0.378182 0.125298 0.0970809
0 0.170217 0.840451 0.106086 0.0897131
0 0.214759 0.913978 0.114563 0.10255
0 0.116688 0.351722 0.116201 0.112362
0 0.535665 0.285337 0.137866 0.132951
0 0.769583 0.368809 0.0917929 0.0985073
0 0.596458 0.20411 0.103452 0.10035
0 0.549216 0.0201187 0.141166 0.0399914
0 0.702594 0.0204943 0.113383 0.0409887
0 0.221123 0.955946 0.0979317 0.065625
