0 0.271989 0.459371 0.121237 0.110199
0 0.668931 0.104233 0.101382 0.0996004
0 0.811208 0.472585 0.11433 0.0995476
0 0.0405847 0.304387 0.0809578 0.11929
0 0.627781 0.162281 0.110936 0.0947682
0 0.299609 0.557289 0.122572 0.113383
0 0.385167 0.945125 0.0889094 0.0738193
0 0.578356 0.613394 0.115701 0.097098
0 0.324535 0.896512 0.114957 0.110291
0 0.267608 0.142494 0.0949293 0.0907161
0 0.320859 0.324434 0.0961853 0.095047
0 0.0179485 0.40734 0.035539 0.127462
0 0.0138625 0.537133 0.027725 0.114182
0 0.18591 0.427426 0.0866978 0.086545
0 0.174741 0.310987 0.0848142 0.0828377
0 0.466937 0.280782 0.0778736 0.0863762
0 0.216195 0.788587 0.0833945 0.10012
0 0.179247 0.582234 0.0925206 0.107858
0 0.0714967 0.0600778 0.109797 0.0948202
0 0.289863 0.211452 0.112187 0.0974309
0 0.0608473 0.395461 0.0725874 0.0964265
0 0.284425 0.683027 0.109104 0.0983097
0 0.140009 0.990898 0.110613 0.0182041
0 0.184508 0.362855 0.0890374 0.0682708
0 0.150178 0.2103 0.0805773 0.070055
0 0.455562 0.0277911 0.114514 0.0553433
0 0.288661 0.78712 0.0964419 0.0935907
0 0.570111 0.0326047 0.096718 0.0647712
