0 0.547001 0.0581271 0.141803 0.116254
0 0.816041 0.0548206 0.122676 0.109641
0 0.371155 0.820141 0.077009 0.072594
0 0.0716483 0.690834 0.099595 0.0993229
0 0.427222 0.851633 0.0825309 0.0783913
0 0.0460182 0.305558 0.0916429 0.0942142
0 0.0747772 0.869467 0.0933548 0.0988182
0 0.0741093 0.375033 0.0824496 0.0808031
0 0.0552907 0.598247 0.0992429 0.0950801
0 0.485277 0.926847 0.0515332 0.0507761
0 0.197418 0.0593018 0.0674645 0.0681538
0 0.923811 0.305744 0.100043 0.0836694
0 0.423741 0.793689 0.0712326 0.0630367
0 0.524802 0.335861 0.0486285 0.0414163
0 0.0246779 0.88351 0.0489373 0.0998634
0 0.282458 0.793834 0.044392 0.0477301
0 0.10604 0.948749 0.0633209 0.0806587
0 0.380283 0.20434 0.0664978 0.0598809
0 0.753941 0.0785451 0.0950689 0.094739
0 0.0139056 0.657047 0.0273993 0.119028
0 0.399759 0.867399 0.0546148 0.0539665
0 0.834966 0.182377 0.0537094 0.048454
0 0.136395 0.0235709 0.0721215 0.0471418
0 0.600774 0.95906 0.0827012 0.0748047
0 0.809297 0.440857 0.0974842 0.0956448
0 0.467225 0.273227 0.0363177 0.0329154
0 0.896807 0.148723 0.0609987 0.0579605
0 0.325047 0.42035 0.0531598 0.04133
0 0.618041 0.991405 0.0933948 0.0171902
