0 0.59781 0.669367 0.0848927 0.0814486
0 0.57264 0.609913 0.0847653 0.0828961
0 0.718636 0.349514 0.112212 0.107998
0 0.0374424 0.423471 0.0740151 0.098396
0 0.537549 0.887501 0.0816338 0.086493
0 0.631601 0.907517 0.0747741 0.0702225
0 0.44584 0.563016 0.119649 0.113555
0 0.526395 0.527994 0.0803814 0.0811484
0 0.157142 0.954378 0.0860597 0.0700004
0 0.549219 0.944413 0.0808033 0.0601303
0 0.172718 0.985751 0.0984055 0.0284981
0 0.778534 0.240824 0.0958423 0.0762938
0 0.0305956 0.209212 0.0611912 0.0990166
0 0.33506 0.883907 0.100723 0.097324
0 0.433763 0.55467 0.0973852 0.0973153
0 0.496584 0.991278 0.109552 0.0174441
0 0.974034 0.985497 0.0519324 0.0288708
0 0.474049 0.419374 0.0893886 0.0801936
