0 0.809325 0.600104 0.113131 0.114278
0 0.428902 0.300732 0.117063 0.113334
0 0.481553 0.93987 0.110581 0.100393
0 0.878197 0.299189 0.118127 0.108334
0 0.515215 0.827937 0.0995447 0.0938008
0 0.793879 0.24336 0.115715 0.105787
0 0.731806 0.607607 0.0917624 0.0920946
0 0.843428 0.975687 0.0985799 0.0486269
0 0.487095 0.0304978 0.098974 0.0604584
0 0.927438 0.408684 0.0816353 0.0787891
0 0.453983 0.352615 0.0914916 0.0695047
0 0.887033 0.015683 0.114657 0.031366
0 0.400681 0.881784 0.0877357 0.0763085
0 0.582219 0.954736 0.0923544 0.0896057
