0 0.311934 0.512921 0.131339 0.130543
0 0.469154 0.125677 0.096966 0.089021
0 0.437806 0.0585403 0.109456 0.105669
0 0.316801 0.407406 0.127977 0.110404
0 0.717443 0.431326 0.102471 0.103643
0 0.228931 0.497769 0.111706 0.121351
0 0.622091 0.896046 0.110173 0.111653
0 0.677909 0.363639 0.109633 0.104945
0 0.651367 0.951992 0.10457 0.0960152
0 0.577713 0.515383 0.107781 0.110188
0 0.835032 0.85455 0.0511231 0.0505562
0 0.933093 0.0235549 0.089563 0.0471098
0 0.960826 0.929384 0.0783489 0.104124
0 0.0229552 0.93748 0.0434316 0.0728405
0 0.175487 0.515283 0.0934203 0.107912
0 0.0202358 0.981927 0.0390101 0.0349228
0 0.16069 0.986081 0.108506 0.027837
0 0.827405 0.929075 0.0429158 0.0398979
0 0.963723 0.975632 0.0725549 0.047826
0 0.420568 0.0107504 0.101093 0.0215009
0 0.00953424 0.842422 0.0188575 0.0876377
0 0.0774595 0.739135 0.0368802 0.049241
