0 0.276582 0.9244 0.128176 0.106008
0 0.290006 0.0643734 0.136438 0.128747
0 0.718199 0.217995 0.108196 0.109869
0 0.0732206 0.634671 0.107796 0.0932234
0 0.250686 0.977489 0.138551 0.0449002
0 0.924519 0.490487 0.0752731 0.0876576
0 0.0500588 0.484261 0.0986124 0.0998578
0 0.731859 0.281706 0.109731 0.0821951
0 0.123793 0.0424366 0.121873 0.0848732
0 0.87821 0.474739 0.101453 0.0969157
0 0.941035 0.979629 0.116599 0.0404942
0 0.0662432 0.263565 0.101375 0.0894971
0 0.0123866 0.0736961 0.024768 0.0995656
