0 0.820114 0.868726 0.160505 0.139891
0 0.528796 0.639653 0.153328 0.144688
0 0.0540338 0.947227 0.108068 0.105024
0 0.160446 0.0976822 0.109456 0.0934527
0 0.145018 0.175221 0.121517 0.110563
0 0.907779 0.883584 0.113013 0.11702
0 0.507232 0.108403 0.136139 0.120855
0 0.737737 0.927629 0.0994415 0.0995049
0 0.394185 0.320204 0.114886 0.10125
0 0.297587 0.831257 0.0994021 0.0997149
0 0.794708 0.768946 0.104005 0.0916165
0 0.39129 0.149484 0.101688 0.0914436
0 0.340118 0.90882 0.0968834 0.0847259
0 0.373927 0.774563 0.105145 0.106452
0 0.290121 0.0201214 0.122807 0.040208
0 0.708802 0.984441 0.101838 0.0306784
0 0.581229 0.198891 0.099424 0.0939303
0 0.880118 0.759139 0.108067 0.123375
