0 0.0540406 0.501495 0.108081 0.187842
0 0.752308 0.717876 0.167866 0.142977
0 0.760338 0.190053 0.142601 0.14285
0 0.807785 0.611957 0.152366 0.137767
0 0.45773 0.0938921 0.147938 0.138735
0 0.822902 0.317568 0.134473 0.114346
0 0.0373006 0.215502 0.073676 0.114791
0 0.266711 0.0634345 0.166476 0.115224
0 0.615283 0.424654 0.147294 0.11521
0 0.587682 0.0314257 0.12439 0.0627058
0 0.277299 0.0281524 0.168127 0.0562426
0 0.432759 0.819554 0.0829098 0.0784093
0 0.729552 0.504025 0.106898 0.10325
0 0.0310093 0.809195 0.0617123 0.137284
