0 0.334088 0.0514449 0.116671 0.102576
0 0.405316 0.288299 0.125629 0.11478
0 0.447608 0.050952 0.104077 0.0987637
0 0.231224 0.321173 0.152008 0.136152
0 0.953158 0.240971 0.0933065 0.116217
0 0.0574316 0.0668664 0.114807 0.112035
0 0.344032 0.404472 0.121002 0.108786
0 0.537479 0.0513732 0.0929688 0.0995195
0 0.55366 0.327051 0.0882301 0.0846213
0 0.237419 0.443317 0.117895 0.109654
0 0.545832 0.216006 0.0827985 0.0780818
0 0.442029 0.610807 0.0794277 0.0745714
0 0.497897 0.69073 0.0856024 0.0922907
0 0.615689 0.764528 0.0869327 0.0731912
0 0.500433 0.128009 0.0869527 0.0759912
0 0.344054 0.500818 0.0996031 0.0888354
0 0.975982 0.325006 0.0480354 0.100707
