0 0.185822 0.355169 0.123687 0.118477
0 0.747275 0.821288 0.131746 0.138041
0 0.635672 0.243685 0.121847 0.119993
0 0.424025 0.961814 0.124549 0.0763717
0 0.419334 0.624981 0.10572 0.102923
0 0.247567 0.902453 0.0926999 0.0918679
0 0.0532116 0.398843 0.101718 0.106911
0 0.194431 0.822546 0.10628 0.108845
0 0.327777 0.0480058 0.123053 0.0953156
0 0.253382 0.291204 0.0993087 0.0894582
0 0.453749 0.888656 0.0929144 0.0912971
0 0.886008 0.977009 0.132362 0.0459819
0 0.301813 0.649764 0.0877356 0.0853454
0 0.979398 0.708035 0.0412049 0.105993
0 0.508028 0.307043 0.102924 0.0957217
0 0.355908 0.26746 0.0915551 0.0916989
0 0.106507 0.602607 0.0820327 0.089497
0 0.473386 0.781224 0.0680827 0.0637644
0 0.367594 0.484875 0.115014 0.104758
0 0.409461 0.904821 0.0567975 0.0682918
0 0.288261 0.701699 0.0733394 0.0609369
0 0.417599 0.802203 0.0786997 0.0777661
0 0.115842 0.829247 0.0623981 0.0596741
0 0.146588 0.899169 0.0710344 0.0648502
0 0.664596 0.153758 0.0988943 0.0819199
