0 0.295688 0.763463 0.138422 0.140342
0 0.193504 0.061503 0.115291 0.111625
0 0.168182 0.753884 0.134596 0.119963
0 0.626856 0.670435 0.135069 0.133195
0 0.241787 0.445246 0.0771728 0.0731692
0 0.503938 0.950192 0.0959862 0.0969257
0 0.310541 0.306943 0.143318 0.12492
0 0.279346 0.119248 0.105668 0.102654
0 0.681099 0.350347 0.106064 0.122565
0 0.466774 0.873273 0.0890662 0.0876602
0 0.71241 0.833187 0.094313 0.0951654
0 0.955995 0.0666875 0.0880097 0.102558
0 0.409578 0.0316813 0.139487 0.0633625
0 0.683782 0.763522 0.0955874 0.0990573
0 0.711309 0.579447 0.0909293 0.0884262
0 0.937092 0.1624 0.0998226 0.0906889
0 0.438399 0.313584 0.105093 0.10177
0 0.294638 0.0346869 0.103095 0.0693738
0 0.80852 0.759419 0.0996449 0.113233
0 0.705502 0.106291 0.0926188 0.0871833
0 0.689105 0.490285 0.088074 0.0935369
