0 0.446452 0.0473487 0.127352 0.0945869
0 0.610259 0.269613 0.0871027 0.0803285
0 0.865955 0.150068 0.12154 0.122501
0 0.539735 0.542967 0.109303 0.105866
0 0.578274 0.474208 0.119866 0.115057
0 0.854941 0.577787 0.0979595 0.0952572
0 0.889339 0.527778 0.0608026 0.0569795
0 0.0365301 0.572726 0.0719783 0.0995922
0 0.585327 0.785113 0.0883841 0.0821382
0 0.288531 0.142321 0.10047 0.0980243
0 0.233081 0.976098 0.0964913 0.0473497
0 0.171399 0.801794 0.100706 0.116201
0 0.940752 0.394511 0.0909255 0.0951606
0 0.516901 0.371518 0.0593296 0.0535211
0 0.421628 0.891135 0.0895192 0.0957489
0 0.410833 0.405017 0.0901275 0.0792942
0 0.516606 0.950027 0.0859984 0.091647
0 0.343 0.881855 0.0881138 0.0809784
0 0.609613 0.0101657 0.118077 0.0203315
0 0.0424036 0.408096 0.0848071 0.089326
