0 0.633453 0.551551 0.116762 0.116564
0 0.905049 0.241827 0.102739 0.110431
0 0.288011 0.177407 0.141276 0.135064
0 0.474372 0.329485 0.0959339 0.095872
0 0.522407 0.241049 0.0931952 0.0875704
0 0.94667 0.14515 0.105854 0.0992715
0 0.963328 0.256278 0.0732574 0.112932
0 0.532107 0.904826 0.10228 0.0894442
0 0.868663 0.951076 0.118748 0.0978475
0 0.961657 0.827888 0.0766861 0.139186
0 0.358313 0.658506 0.101901 0.100679
0 0.22596 0.905406 0.0946631 0.0876305
0 0.516298 0.850381 0.08832 0.0815121
0 0.469689 0.736838 0.103373 0.114319
0 0.220452 0.443275 0.112366 0.110933
