0 0.34588 0.337838 0.115651 0.108618
0 0.839526 0.760712 0.130815 0.123076
0 0.846267 0.656895 0.133755 0.116722
0 0.0661814 0.547881 0.0995436 0.0939882
0 0.916928 0.704184 0.109367 0.109847
0 0.814788 0.334467 0.109998 0.0982615
0 0.594834 0.555114 0.0951288 0.101455
0 0.179619 0.213917 0.0928634 0.103231
0 0.0558496 0.692239 0.0910306 0.091791
0 0.659646 0.951471 0.104803 0.0937802
0 0.333374 0.874384 0.0505285 0.0495422
0 0.772506 0.683793 0.092247 0.108561
0 0.815936 0.98189 0.102071 0.0358257
0 0.835338 0.280424 0.0943291 0.0786513
0 0.391209 0.787493 0.0504064 0.0534355
0 0.370486 0.560249 0.0667996 0.0771102
0 0.302268 0.745251 0.0650034 0.0731018
0 0.150635 0.820169 0.045841 0.0440224
0 0.703746 0.489768 0.0398998 0.0397947
0 0.479518 0.388922 0.0629358 0.0604474
0 0.163941 0.857865 0.0479994 0.0520006
0 0.305175 0.737071 0.0568534 0.0553862
