0 0.285491 0.82146 0.135627 0.121108
0 0.35804 0.57432 0.111378 0.118327
0 0.668144 0.957672 0.121187 0.0846559
0 0.628681 0.672887 0.111884 0.122969
0 0.272811 0.034984 0.151983 0.069968
0 0.974033 0.927991 0.0519333 0.0904587
0 0.515852 0.660582 0.118679 0.141065
0 0.203607 0.350056 0.109073 0.107193
0 0.507641 0.848752 0.0871585 0.0881538
0 0.399502 0.831765 0.120328 0.107414
0 0.623149 0.165178 0.0560096 0.0605488
0 0.502088 0.968113 0.100781 0.0635885
0 0.031521 0.678477 0.0629479 0.13387
0 0.598444 0.777973 0.0763923 0.0556967
