0 0.723522 0.307056 0.144053 0.131585
0 0.833179 0.372781 0.148954 0.135611
0 0.0396348 0.552431 0.0787972 0.130631
0 0.94808 0.435136 0.10384 0.124054
0 0.0379609 0.413826 0.0749633 0.111044
0 0.480691 0.252872 0.110452 0.103761
0 0.126789 0.958843 0.100232 0.0817791
0 0.616664 0.644953 0.102083 0.0974386
0 0.723005 0.960679 0.115575 0.0786422
0 0.966247 0.538205 0.067506 0.12798
0 0.307594 0.758447 0.0848728 0.0803744
0 0.771185 0.0562268 0.101459 0.105288
0 0.781798 0.249306 0.0914817 0.0828094
0 0.945456 0.917371 0.108487 0.0875621
0 0.396023 0.505553 0.0898857 0.0853203
0 0.0433949 0.121512 0.0867897 0.0952066
0 0.828065 0.122768 0.100861 0.0804256
0 0.970105 0.953176 0.0597892 0.0820381
0 0.744764 0.111315 0.0828852 0.0729467
0 0.0117692 0.0882237 0.0235385 0.0766584
0 0.214065 0.104671 0.0996344 0.106396
0 0.101434 0.620447 0.0863657 0.0886264
0 0.982492 0.19537 0.0350169 0.0824831
