0 0.110068 0.128904 0.141612 0.137438
0 0.352787 0.37032 0.151146 0.134274
0 0.793917 0.187412 0.101014 0.103583
0 0.858879 0.154121 0.101733 0.0991592
0 0.858657 0.247542 0.112771 0.100874
0 0.731655 0.208784 0.111477 0.107936
0 0.429525 0.949738 0.127044 0.100342
0 0.594763 0.0601847 0.113359 0.118609
0 0.700128 0.0903383 0.10667 0.0977347
0 0.341998 0.458445 0.0848102 0.0914548
0 0.778272 0.198131 0.0984445 0.107846
0 0.939735 0.30087 0.0930018 0.0992995
0 0.742693 0.0228901 0.109111 0.0454977
0 0.700859 0.175044 0.0694006 0.0897704
0 0.582122 0.977528 0.109337 0.0449446
