0 0.87077 0.296058 0.148879 0.125857
0 0.0399039 0.950285 0.0790422 0.0994291
0 0.782716 0.380913 0.126768 0.107318
0 0.692078 0.062857 0.161164 0.125714
0 0.582456 0.189701 0.1268 0.110537
0 0.372955 0.342868 0.0898179 0.0791218
0 0.323799 0.408635 0.108931 0.0949351
0 0.200633 0.361251 0.0683583 0.0692569
0 0.131383 0.281727 0.0892501 0.0773385
0 0.179629 0.211988 0.085774 0.0897369
0 0.27487 0.0335952 0.116966 0.0670799
0 0.784631 0.722371 0.0847391 0.0938751
0 0.714571 0.759363 0.0956628 0.0897388
0 0.108614 0.208023 0.076908 0.0856309
0 0.214173 0.257316 0.0820621 0.0870293
0 0.642159 0.450576 0.109682 0.0946845
0 0.885326 0.43297 0.147461 0.130319
0 0.0277504 0.026572 0.0549916 0.053144
0 0.733774 0.887898 0.0747502 0.067252
