0 0.770038 0.921691 0.180371 0.156034
0 0.536959 0.700202 0.164168 0.14505
0 0.879129 0.546058 0.133684 0.115351
0 0.0764776 0.87873 0.131883 0.136032
0 0.0510634 0.574179 0.102127 0.114211
0 0.359993 0.947385 0.130969 0.10174
0 0.334164 0.536062 0.100457 0.0996841
0 0.0327561 0.524756 0.0655123 0.0906757
0 0.824602 0.171009 0.126773 0.114023
0 0.425109 0.543874 0.0979197 0.100845
0 0.0210541 0.947401 0.0418698 0.105198
0 0.82038 0.277045 0.0920584 0.0813524
0 0.109522 0.538389 0.100482 0.0884674
0 0.0443539 0.0139793 0.0887078 0.0279585
0 0.35423 0.980632 0.12598 0.0387363
0 0.764229 0.743744 0.10278 0.100711
0 0.867903 0.221032 0.104612 0.10411
