0 0.329435 0.529279 0.130845 0.116985
0 0.194631 0.507673 0.0976117 0.0943373
0 0.448004 0.629198 0.0982365 0.0906633
0 0.547853 0.644708 0.114589 0.102705
0 0.197072 0.954558 0.0767232 0.0730858
0 0.192348 0.161053 0.097107 0.0891996
0 0.670743 0.969485 0.081875 0.0610293
0 0.588213 0.484335 0.0893501 0.0974199
0 0.522642 0.725151 0.0974323 0.0890706
0 0.237713 0.595775 0.0820087 0.0785884
0 0.979059 0.838453 0.0418816 0.0927904
0 0.684197 0.878011 0.102062 0.0918259
0 0.13116 0.971149 0.0742363 0.0570717
0 0.139906 0.901189 0.0800636 0.0857762
0 0.597252 0.913748 0.075211 0.0689961
0 0.580825 0.989588 0.0998936 0.0208243
0 0.211239 0.462965 0.0796955 0.0636147
0 0.161314 0.253679 0.0971077 0.0859834
0 0.367013 0.488683 0.0777581 0.0562911
0 0.346813 0.597639 0.0818638 0.0662043
0 0.547971 0.948273 0.0666449 0.0621307
