0 0.841693 0.358491 0.111526 0.102932
0 0.155417 0.31242 0.108169 0.103618
0 0.923224 0.969334 0.115653 0.0613312
0 0.606732 0.122598 0.115014 0.110564
0 0.768589 0.971319 0.108247 0.0573629
0 0.733737 0.419937 0.123198 0.104783
0 0.616911 0.283078 0.130444 0.118763
0 0.8946 0.263974 0.0696175 0.0859596
0 0.942591 0.253288 0.102681 0.090201
0 0.970496 0.320339 0.059007 0.0963387
0 0.899061 0.41547 0.0945467 0.0892122
0 0.723965 0.50504 0.0862406 0.0690298
0 0.202776 0.354046 0.0728217 0.0790007
0 0.351674 0.329731 0.0893139 0.0927798
