0 0.53008 0.552506 0.128124 0.12758
0 0.390192 0.0755942 0.103602 0.103992
0 0.312195 0.0472868 0.110623 0.0944855
0 0.1582 0.122744 0.115589 0.101149
0 0.295209 0.482127 0.0900676 0.0924143
0 0.0478978 0.71778 0.0957956 0.10353
0 0.673292 0.541935 0.105606 0.101142
0 0.666268 0.622299 0.10175 0.0974703
0 0.857502 0.415128 0.05848 0.0546961
0 0.375975 0.269235 0.0910283 0.0748252
0 0.794404 0.750136 0.0630995 0.0728197
0 0.364873 0.904151 0.0903766 0.0909857
0 0.172765 0.0809059 0.092316 0.0717367
0 0.881805 0.444256 0.0390123 0.0414186
0 0.236307 0.70065 0.0579324 0.0550886
0 0.983877 0.141395 0.0320412 0.0823819
0 0.837054 0.458025 0.048748 0.0438858
