0 0.282026 0.940099 0.118234 0.118907
0 0.900797 0.601717 0.130117 0.119747
0 0.867398 0.202033 0.115796 0.114318
0 0.127668 0.90723 0.0958721 0.100974
0 0.357125 0.879574 0.0944487 0.0904957
0 0.881436 0.36866 0.108337 0.102052
0 0.0131723 0.924514 0.0262542 0.0958142
0 0.0701893 0.84229 0.101923 0.0895928
0 0.92598 0.497151 0.102836 0.106535
0 0.723847 0.133063 0.0970532 0.100521
0 0.319877 0.434147 0.097882 0.0941697
0 0.426627 0.615914 0.127781 0.12048
0 0.588004 0.0282714 0.109301 0.0560866
0 0.867148 0.852886 0.0904213 0.0860233
0 0.886213 0.929341 0.0899189 0.093103
0 0.822982 0.0954451 0.0808416 0.0850313
0 0.0119666 0.841764 0.0238785 0.0789024
0 0.899735 0.759106 0.103376 0.0946875
0 0.849401 0.045188 0.0816889 0.0731893
