0 0.906343 0.0609623 0.120213 0.108858
0 0.800437 0.198811 0.125919 0.118851
0 0.515374 0.70323 0.0961148 0.101193
0 0.350791 0.809733 0.129138 0.11933
0 0.815571 0.298474 0.104759 0.10076
0 0.31682 0.744173 0.114591 0.099618
0 0.225814 0.693808 0.0955961 0.0939206
0 0.685354 0.75734 0.0921823 0.0855612
0 0.0879166 0.952911 0.127677 0.0941787
0 0.979781 0.321083 0.0404387 0.121187
0 0.360289 0.651817 0.0848636 0.0887319
0 0.530901 0.412709 0.0721963 0.0696827
0 0.982811 0.433582 0.0343788 0.10668
0 0.0582187 0.0230378 0.109737 0.0459969
0 0.425012 0.637271 0.0806456 0.0745077
0 0.477079 0.383833 0.0776542 0.0702091
0 0.789133 0.772742 0.0623293 0.0544649
0 0.388993 0.560947 0.0508255 0.0518038
0 0.826826 0.0831717 0.0868096 0.117908
0 0.82956 0.0573063 0.0711018 0.0689023
