0 0.852249 0.792268 0.118879 0.112639
0 0.740607 0.945566 0.122984 0.108868
0 0.77852 0.79468 0.0950062 0.117457
0 0.584654 0.431015 0.108958 0.0895996
0 0.551993 0.38251 0.0985993 0.0977786
0 0.776963 0.426048 0.0895526 0.0945463
0 0.158105 0.312699 0.0540901 0.0493826
0 0.416312 0.727905 0.0479667 0.0458695
0 0.506122 0.435714 0.0472212 0.0434186
0 0.723678 0.474327 0.109085 0.10937
0 0.0319661 0.588033 0.0633769 0.0943403
0 0.946395 0.991305 0.107211 0.0173898
0 0.49331 0.70571 0.0546734 0.0518794
0 0.0374733 0.498315 0.0749466 0.11436
0 0.0185508 0.0299025 0.0371016 0.0597099
