0 0.730266 0.531463 0.145573 0.147115
0 0.809951 0.964163 0.13335 0.0713072
0 0.567383 0.640689 0.143759 0.13323
0 0.753517 0.0893065 0.109415 0.107079
0 0.523916 0.892479 0.123986 0.128648
0 0.458993 0.919602 0.105166 0.113355
0 0.0530803 0.0521971 0.106161 0.103564
0 0.634337 0.755564 0.126375 0.121051
0 0.368815 0.144242 0.105808 0.105356
0 0.366727 0.048667 0.099588 0.0956866
0 0.509272 0.54957 0.100253 0.0983046
0 0.0363321 0.144566 0.0716545 0.0982133
0 0.274559 0.863161 0.093126 0.100291
0 0.20394 0.859378 0.109881 0.102745
0 0.0993311 0.163613 0.086759 0.10372
