0 0.58696 0.955446 0.125138 0.089108
0 0.687023 0.958836 0.10103 0.0822231
0 0.468019 0.679041 0.0989735 0.0928228
0 0.484422 0.603205 0.100404 0.0865566
0 0.0277025 0.923497 0.055405 0.0674879
0 0.155103 0.151672 0.0998356 0.117349
0 0.951052 0.636939 0.0958447 0.109803
0 0.0315127 0.394638 0.062459 0.0916982
0 0.0382801 0.874742 0.0573217 0.0548983
0 0.594189 0.0975669 0.107461 0.101926
0 0.747957 0.194843 0.0866724 0.090394
0 0.84381 0.644359 0.099662 0.105185
0 0.689114 0.562187 0.0405613 0.0377488
0 0.0736549 0.773537 0.0678398 0.0709724
0 0.656322 0.551786 0.035923 0.0365187
0 0.289296 0.965902 0.102726 0.0680078
0 0.762149 0.976259 0.0842965 0.047482
