0 0.483407 0.953104 0.179062 0.0933483
0 0.714829 0.946327 0.170399 0.107347
0 0.347227 0.768005 0.132427 0.1312
0 0.474149 0.0502445 0.144068 0.100489
0 0.854302 0.55147 0.164347 0.170468
0 0.842388 0.937591 0.144687 0.124663
0 0.733126 0.313321 0.143356 0.136799
0 0.420805 0.132223 0.140938 0.144388
0 0.336837 0.412438 0.160872 0.14764
0 0.294081 0.932177 0.0963287 0.0869886
0 0.532572 0.507685 0.125937 0.121279
0 0.955182 0.588613 0.0896368 0.144118
0 0.267453 0.0733371 0.115182 0.110475
0 0.252069 0.974634 0.145429 0.0506325
0 0.659791 0.212648 0.13156 0.136641
0 0.604838 0.16854 0.101605 0.108729
0 0.334204 0.584507 0.0837913 0.0898155
0 0.146191 0.2176 0.0742224 0.0723095
0 0.652872 0.738346 0.0795053 0.0768663
0 0.213029 0.912633 0.0909149 0.0920445
0 0.0663171 0.969075 0.0945444 0.0618498
0 0.361437 0.335621 0.0942661 0.0893822
0 0.932836 0.190803 0.115463 0.114337
