0 0.596019 0.130368 0.156056 0.149506
0 0.127187 0.086812 0.149486 0.125562
0 0.66082 0.204181 0.142318 0.137209
0 0.77985 0.853484 0.102754 0.0933979
0 0.228068 0.0875425 0.0813614 0.0918589
0 0.763738 0.667304 0.10684 0.0955359
0 0.629269 0.736813 0.111442 0.102988
0 0.846143 0.623054 0.0913879 0.105405
0 0.737634 0.579009 0.101507 0.0907311
0 0.806611 0.769819 0.0954588 0.0910467
0 0.119337 0.671501 0.106436 0.099635
0 0.935615 0.59005 0.0918431 0.0934917
0 0.278133 0.976905 0.120728 0.0461567
0 0.609977 0.866955 0.11684 0.13124
