0 0.93469 0.0995526 0.130565 0.130111
0 0.396815 0.971507 0.139232 0.0569859
0 0.227451 0.734672 0.123194 0.11328
0 0.937881 0.223032 0.12368 0.131205
0 0.622047 0.194172 0.0865517 0.0824655
0 0.721892 0.538882 0.124816 0.115084
0 0.766855 0.756546 0.102457 0.0977389
0 0.762339 0.412726 0.092888 0.0877337
0 0.968564 0.297815 0.0628719 0.123069
0 0.842053 0.322167 0.106492 0.103693
0 0.754244 0.0482009 0.0674016 0.0728259
0 0.259189 0.0226032 0.088921 0.0452063
0 0.213687 0.38142 0.0853063 0.0968458
0 0.208331 0.0284025 0.0560901 0.0547118
0 0.0484933 0.914552 0.0945276 0.0967379
0 0.0200931 0.733379 0.0394695 0.0909294
0 0.0733401 0.827092 0.0894875 0.0945883
0 0.910378 0.0114344 0.137563 0.0228687
0 0.850943 0.406522 0.0928711 0.096138
0 0.854923 0.249247 0.074387 0.0772438
0 0.96585 0.425937 0.0682993 0.0907547
0 0.0205067 0.829794 0.0403516 0.102039
