0 0.144286 0.0273388 0.096314 0.0546673
0 0.943581 0.447527 0.112825 0.120164
0 0.527486 0.753629 0.0866913 0.0890501
0 0.238688 0.366634 0.0954884 0.101452
0 0.223551 0.897214 0.113548 0.114354
0 0.419481 0.50209 0.0945552 0.0810194
0 0.449366 0.413113 0.0837366 0.0856716
0 0.326492 0.834379 0.0951906 0.102699
0 0.407309 0.359689 0.0940387 0.0849453
0 0.33855 0.10546 0.0723003 0.0712468
0 0.965627 0.557804 0.0687463 0.0879872
0 0.817542 0.869961 0.0896246 0.0983074
0 0.0509549 0.936233 0.0954914 0.0955505
0 0.178359 0.355674 0.083821 0.0934735
0 0.31321 0.968223 0.102474 0.0635542
