0 0.651318 0.646486 0.114007 0.108885
0 0.739251 0.504504 0.101279 0.100839
0 0.051426 0.225788 0.102852 0.114135
0 0.0464928 0.441353 0.0929856 0.107106
0 0.0643168 0.535847 0.108088 0.110194
0 0.896894 0.363678 0.129078 0.0962811
0 0.689099 0.757441 0.081316 0.0785065
0 0.510247 0.128059 0.0968666 0.0944788
0 0.893006 0.193924 0.116546 0.120315
0 0.676038 0.579183 0.125568 0.0953587
0 0.842094 0.0559228 0.140081 0.111846
0 0.36488 0.808598 0.084808 0.0965306
0 0.870789 0.451943 0.128661 0.107644
0 0.0552603 0.0934453 0.10709 0.124734
0 0.0431876 0.757102 0.0863752 0.0982727
0 0.133987 0.959459 0.0725098 0.0766411
0 0.613447 0.137776 0.0830988 0.0862177
0 0.497936 0.410752 0.10175 0.0696985
0 0.666951 0.467095 0.0688616 0.0721195
0 0.35574 0.638317 0.0648047 0.0544713
0 0.539059 0.525136 0.0537487 0.0674624
0 0.484598 0.511066 0.0746404 0.0777332
0 0.62977 0.952492 0.0832796 0.0664612
0 0.470281 0.823661 0.122787 0.110701
0 0.0188851 0.716258 0.0377701 0.0805849
0 0.0346494 0.980728 0.0692989 0.0385445
0 0.690678 0.0658281 0.0425453 0.046514
0 0.0910632 0.951732 0.0459047 0.0631233
