0 0.672429 0.363657 0.116118 0.103617
0 0.31299 0.514084 0.131021 0.128238
0 0.3166 0.408327 0.127787 0.110653
0 0.960635 0.929738 0.0787205 0.102924
0 0.469232 0.125287 0.0967254 0.0885159
0 0.437755 0.0592991 0.110558 0.103847
0 0.227836 0.497662 0.110765 0.118834
0 0.622337 0.895836 0.106853 0.108307
0 0.577388 0.512714 0.111026 0.112307
0 0.651481 0.953299 0.103645 0.0934021
0 0.719465 0.431799 0.0999546 0.103606
0 0.175428 0.515363 0.0997632 0.107676
0 0.932847 0.0233712 0.0877373 0.0467424
0 0.834609 0.85406 0.0547256 0.0509567
0 0.964254 0.976107 0.071492 0.0477858
0 0.0220286 0.937424 0.0440572 0.073369
0 0.826716 0.930841 0.0461437 0.0428711
0 0.159917 0.986464 0.118411 0.0269089
0 0.172336 0.174373 0.0715384 0.0696974
0 0.0472799 0.756934 0.041635 0.0436634
0 0.42031 0.0102826 0.100999 0.0205653
0 0.0201128 0.982423 0.0395893 0.0351404
0 0.0102802 0.836304 0.0204538 0.075367
0 0.0785196 0.74005 0.0342177 0.0508564
0 0.0424598 0.714126 0.0482699 0.0561991
