0 0.867156 0.20069 0.119851 0.11636
0 0.900862 0.599544 0.13055 0.122993
0 0.128889 0.908675 0.0939033 0.100607
0 0.285416 0.939973 0.117943 0.120055
0 0.926817 0.499545 0.110945 0.108973
0 0.321513 0.434626 0.101292 0.101605
0 0.723721 0.133526 0.106141 0.10165
0 0.879786 0.369405 0.108943 0.105657
0 0.358033 0.878494 0.100407 0.0925579
0 0.870837 0.861562 0.102608 0.0988138
0 0.0688804 0.841964 0.101262 0.0897589
0 0.424682 0.61635 0.127768 0.120475
0 0.889847 0.927344 0.0936708 0.0957603
0 0.828269 0.0971065 0.0920047 0.0893024
0 0.587211 0.0293727 0.107042 0.0586981
0 0.894841 0.742707 0.115547 0.118927
0 0.84939 0.0419127 0.0909489 0.0809893
0 0.0130337 0.922764 0.0260078 0.0982636
0 0.972973 0.850107 0.0540543 0.103776
0 0.463607 0.629249 0.0796728 0.0948818
0 0.0110139 0.842897 0.0220279 0.080777
