0 0.719323 0.348961 0.107869 0.104237
0 0.572002 0.608776 0.0838879 0.0813499
0 0.0357712 0.424472 0.0712756 0.0972511
0 0.538785 0.888382 0.0770031 0.0872524
0 0.442277 0.55992 0.112668 0.109112
0 0.597812 0.670766 0.0841112 0.0836353
0 0.331542 0.887466 0.0959318 0.0960252
0 0.525951 0.526477 0.0776779 0.0824062
0 0.632895 0.905159 0.0748111 0.0703594
0 0.775818 0.242339 0.0883128 0.0706051
0 0.157858 0.952684 0.080326 0.0659733
0 0.551199 0.941553 0.078397 0.0649021
0 0.0290926 0.207869 0.0581851 0.0922475
0 0.170945 0.986998 0.0887153 0.0260034
0 0.986323 0.955561 0.0273533 0.0705311
0 0.972707 0.985359 0.0545866 0.0290372
0 0.041538 0.329101 0.0830761 0.0902958
0 0.499627 0.99127 0.116896 0.0174591
