0 0.38655 0.134258 0.152295 0.136874
0 0.205632 0.683421 0.126619 0.113567
0 0.657384 0.550287 0.119243 0.114272
0 0.344926 0.384715 0.128644 0.107238
0 0.686433 0.461589 0.104118 0.0961085
0 0.516336 0.592307 0.122893 0.124124
0 0.270766 0.612134 0.0989361 0.0865093
0 0.332022 0.189652 0.110699 0.107992
0 0.0718931 0.572013 0.117189 0.0989974
0 0.593893 0.189234 0.0719009 0.0697263
0 0.297089 0.884578 0.0800971 0.0747961
0 0.12035 0.704972 0.0723742 0.0675059
0 0.44113 0.979539 0.0752801 0.0407311
0 0.161193 0.654384 0.0652943 0.0730371
0 0.0228952 0.0296169 0.0457905 0.0592338
0 0.3805 0.587395 0.110547 0.113217
0 0.493356 0.984755 0.0817681 0.0304688
0 0.42847 0.822728 0.0649029 0.0595068
0 0.317693 0.838924 0.0846381 0.0817817
0 0.391076 0.757114 0.108131 0.119371
0 0.148785 0.993547 0.096958 0.0129066
