0 0.920738 0.225179 0.121633 0.104566
0 0.362258 0.63084 0.126909 0.116481
0 0.329273 0.954493 0.112712 0.0910144
0 0.766297 0.928219 0.113976 0.114733
0 0.316298 0.157553 0.11662 0.11132
0 0.684895 0.584113 0.158344 0.145201
0 0.814964 0.783708 0.147609 0.13224
0 0.244732 0.226151 0.138247 0.129743
0 0.941575 0.614137 0.116849 0.111914
0 0.917671 0.370584 0.14685 0.123189
0 0.682432 0.473824 0.156351 0.121708
0 0.650095 0.876602 0.101001 0.110106
0 0.079875 0.795539 0.115343 0.126896
0 0.1651 0.617249 0.0951032 0.0860661
0 0.324424 0.489861 0.101186 0.105473
0 0.874638 0.694467 0.119531 0.0938339
0 0.163242 0.563134 0.0923607 0.0680991
0 0.97672 0.521376 0.0461121 0.0747772
0 0.259003 0.274415 0.120055 0.0766421
0 0.930401 0.789143 0.0771963 0.0793121
