0 0.742294 0.945019 0.119892 0.109787
0 0.850538 0.792123 0.121165 0.111631
0 0.778176 0.793887 0.0937559 0.114862
0 0.778098 0.425669 0.0889973 0.096916
0 0.557326 0.381175 0.10564 0.102266
0 0.583774 0.42993 0.111128 0.0895891
0 0.415558 0.729083 0.0479509 0.044729
0 0.0493127 0.573191 0.0978877 0.102799
0 0.160028 0.313071 0.0553674 0.0489855
0 0.504418 0.43525 0.0459755 0.0425053
0 0.710278 0.466754 0.0885319 0.123294
0 0.495974 0.707664 0.0495273 0.0494537
0 0.0450616 0.465917 0.0610982 0.0549362
0 0.0200504 0.0312125 0.0400157 0.0621813
0 0.948358 0.991425 0.103283 0.0171503
0 0.0104036 0.853827 0.0206508 0.0489452
