0 0.592454 0.590911 0.160971 0.153159
0 0.885618 0.891379 0.202435 0.185721
0 0.133417 0.344781 0.1432 0.142457
0 0.538226 0.748211 0.142509 0.141447
0 0.737518 0.140628 0.163879 0.175737
0 0.340906 0.0920179 0.170053 0.167278
0 0.601309 0.124678 0.149512 0.150346
0 0.891287 0.094869 0.170816 0.180309
0 0.177327 0.783215 0.170157 0.167801
0 0.204594 0.0405335 0.153738 0.0809901
0 0.568274 0.0511062 0.159273 0.102212
0 0.873551 0.533291 0.110085 0.105135
0 0.91571 0.649708 0.116072 0.128609
0 0.121766 0.921871 0.107091 0.112329
0 0.364767 0.84871 0.118685 0.105478
0 0.0853771 0.7816 0.0886578 0.105038
0 0.223765 0.308141 0.106915 0.11691
0 0.82478 0.237249 0.119232 0.116721
0 0.694137 0.051952 0.119681 0.103904
0 0.177006 0.556108 0.0747405 0.0731177
0 0.143203 0.0693486 0.109958 0.103905
0 0.0114312 0.440176 0.0228624 0.118662
