0 0.933596 0.0990514 0.132808 0.132777
0 0.720481 0.540504 0.122596 0.110319
0 0.761121 0.412027 0.0873371 0.0842775
0 0.937836 0.223823 0.124329 0.129614
0 0.765741 0.756319 0.104481 0.0975078
0 0.224084 0.734618 0.113635 0.111146
0 0.62177 0.193323 0.0867504 0.0833299
0 0.21528 0.381705 0.0965763 0.101903
0 0.754069 0.0470982 0.0674698 0.0745116
0 0.968369 0.295252 0.0632616 0.124622
0 0.399551 0.973171 0.135471 0.0536476
0 0.84248 0.321663 0.109197 0.104407
0 0.257949 0.0221631 0.0875784 0.0443221
0 0.0198826 0.732826 0.0396513 0.0863941
0 0.854345 0.255604 0.0999954 0.0887012
0 0.206443 0.0275293 0.0599514 0.0544308
0 0.0504138 0.911771 0.100425 0.10986
0 0.963276 0.423801 0.0734485 0.101505
0 0.851269 0.404135 0.0892744 0.0952675
0 0.0211665 0.828381 0.042293 0.106474
0 0.914306 0.011634 0.150238 0.0231367
0 0.0773422 0.819476 0.0799782 0.0843661
