0 0.345923 0.338671 0.112234 0.109537
0 0.838808 0.761074 0.128354 0.122814
0 0.918188 0.704023 0.106903 0.107756
0 0.814538 0.33471 0.108712 0.0984322
0 0.595216 0.555363 0.0921465 0.101509
0 0.848054 0.655564 0.135578 0.115462
0 0.177973 0.213785 0.0962491 0.104892
0 0.0660679 0.545239 0.100064 0.0987694
0 0.658744 0.952305 0.107776 0.0932611
0 0.824965 0.281516 0.109737 0.0818178
0 0.057904 0.691342 0.0936795 0.0896311
0 0.767145 0.68424 0.0857852 0.106921
0 0.333743 0.873635 0.0554127 0.0540304
0 0.393762 0.787683 0.0498629 0.053923
0 0.364219 0.557395 0.0773825 0.0816152
0 0.152368 0.820721 0.0479566 0.0458012
0 0.305789 0.73971 0.0583042 0.0602649
0 0.815681 0.981672 0.10343 0.0366551
0 0.164811 0.857675 0.0471959 0.0495399
0 0.475499 0.385697 0.0638663 0.0651734
0 0.912971 0.846861 0.0468216 0.0469574
0 0.704457 0.4897 0.0402555 0.0382149
0 0.744325 0.962397 0.0895704 0.0752051
0 0.21016 0.98054 0.0496797 0.0389201
0 0.0468758 0.419498 0.0797202 0.102654
