0 0.800083 0.199138 0.125675 0.118801
0 0.514044 0.703508 0.100416 0.101538
0 0.351068 0.810696 0.129913 0.12424
0 0.814449 0.30032 0.107048 0.102827
0 0.226086 0.692607 0.0954008 0.0945038
0 0.685483 0.754622 0.0898382 0.0875183
0 0.0831154 0.948431 0.134535 0.103137
0 0.318118 0.74436 0.112208 0.100403
0 0.906373 0.0634113 0.126249 0.113701
0 0.358239 0.651674 0.085796 0.0878902
0 0.427866 0.639388 0.0791276 0.0777229
0 0.827484 0.0814134 0.0870842 0.115855
0 0.477273 0.388582 0.0812605 0.0821094
0 0.880147 0.860714 0.0577953 0.0610243
0 0.979047 0.320487 0.0419065 0.121888
0 0.785091 0.773055 0.0613659 0.0559691
0 0.98372 0.431523 0.0325603 0.110612
0 0.530104 0.411016 0.0717407 0.0658808
0 0.39288 0.560461 0.0480156 0.05144
0 0.0578687 0.0229494 0.111061 0.0457871
