0 0.196652 0.363216 0.124531 0.114953
0 0.310175 0.937837 0.166701 0.123947
0 0.240325 0.860471 0.122528 0.114788
0 0.846803 0.0633544 0.110053 0.105117
0 0.928736 0.0382523 0.109754 0.0764204
0 0.0764904 0.176187 0.0911043 0.0886114
0 0.766933 0.353538 0.0564905 0.0528812
0 0.890752 0.117184 0.099709 0.0752053
0 0.930922 0.254917 0.0561241 0.0559228
0 0.971536 0.745536 0.0569275 0.0949196
0 0.04125 0.127639 0.0825 0.0917056
0 0.559353 0.0511738 0.111808 0.101399
0 0.510637 0.0281771 0.0994461 0.0563542
