0 0.539033 0.699079 0.164506 0.14265
0 0.879786 0.544341 0.132805 0.118189
0 0.768557 0.921048 0.182545 0.157903
0 0.0751277 0.877918 0.130827 0.135683
0 0.052297 0.574711 0.104594 0.110255
0 0.335268 0.534209 0.105284 0.102957
0 0.36142 0.947269 0.125768 0.103177
0 0.82308 0.171111 0.123821 0.117945
0 0.42451 0.541728 0.104903 0.103808
0 0.819751 0.278439 0.0999975 0.0834269
0 0.757452 0.735271 0.109938 0.116552
0 0.116569 0.536582 0.0964056 0.095887
0 0.0210876 0.94454 0.0420471 0.110921
0 0.0436643 0.0145668 0.0873286 0.0291336
0 0.844933 0.962335 0.151284 0.074656
0 0.0311907 0.52575 0.0623815 0.0978742
0 0.35333 0.981294 0.128223 0.0374125
0 0.866334 0.21584 0.106449 0.109534
