0 0.210463 0.722148 0.0856466 0.083981
0 0.717559 0.222574 0.102184 0.0976511
0 0.736382 0.509982 0.193458 0.171538
0 0.786908 0.632454 0.139725 0.135491
0 0.768821 0.918993 0.17569 0.151216
0 0.368128 0.24756 0.119953 0.111902
0 0.592164 0.321044 0.0857538 0.0896026
0 0.674782 0.299881 0.103405 0.0889235
0 0.65668 0.387888 0.11768 0.0959527
0 0.675926 0.634527 0.107702 0.135435
0 0.393831 0.494865 0.106985 0.0966003
0 0.205618 0.138777 0.122176 0.115171
0 0.393059 0.132769 0.101107 0.117337
0 0.863105 0.417526 0.133842 0.123756
0 0.419125 0.880733 0.162254 0.125393
0 0.438442 0.740145 0.195149 0.225076
0 0.397351 0.0384331 0.0938651 0.0768662
0 0.630463 0.212988 0.0977017 0.105521
