0 0.843487 0.2784 0.136835 0.130565
0 0.953574 0.789237 0.0928516 0.117546
0 0.318926 0.577289 0.103433 0.103057
0 0.814041 0.384749 0.103887 0.107732
0 0.505763 0.740627 0.114234 0.111142
0 0.924271 0.0972056 0.130328 0.128604
0 0.279047 0.77391 0.114933 0.11002
0 0.9289 0.377752 0.118028 0.137389
0 0.395776 0.640238 0.121213 0.109735
0 0.52292 0.646831 0.131756 0.0998111
0 0.326963 0.265717 0.0979722 0.0966369
0 0.919654 0.696718 0.0980999 0.100891
0 0.32714 0.163545 0.104569 0.0900088
0 0.146354 0.526108 0.0718033 0.070621
