0 0.217823 0.477527 0.117812 0.104882
0 0.936234 0.962381 0.112944 0.0752384
0 0.303668 0.965372 0.110234 0.0692568
0 0.589571 0.0925615 0.0757663 0.0894187
0 0.713209 0.397445 0.101317 0.0922197
0 0.965385 0.789498 0.0690434 0.120189
0 0.16815 0.0657389 0.0886782 0.0973989
0 0.971111 0.329602 0.0577579 0.0936417
0 0.972963 0.525686 0.0540735 0.0932018
0 0.487173 0.668929 0.0569586 0.0781088
0 0.991963 0.0500469 0.0160734 0.0813984
0 0.189065 0.990673 0.109995 0.0186544
0 0.964388 0.427161 0.0704169 0.0758458
