0 0.78114 0.382726 0.128342 0.108692
0 0.325508 0.408195 0.105422 0.0941961
0 0.583309 0.190325 0.128603 0.108275
0 0.37371 0.344145 0.0881671 0.0778321
0 0.866019 0.299099 0.159224 0.134194
0 0.694485 0.0633978 0.157801 0.126796
0 0.0407377 0.949233 0.0814753 0.101534
0 0.880325 0.430404 0.146455 0.132357
0 0.181406 0.212604 0.0826526 0.0879385
0 0.786141 0.720974 0.0844532 0.0954548
0 0.199252 0.361245 0.0763545 0.0713304
0 0.272574 0.0341707 0.11656 0.0682271
0 0.714487 0.761033 0.0983042 0.0859615
0 0.131165 0.280319 0.0930993 0.0803332
0 0.216531 0.2549 0.0817807 0.0913688
0 0.104038 0.206372 0.0739498 0.0905288
0 0.030982 0.029123 0.061964 0.0580657
