0 0.760192 0.94348 0.102908 0.103316
0 0.264941 0.0419828 0.120092 0.0838612
0 0.0906568 0.817558 0.0952394 0.108122
0 0.771354 0.676036 0.104384 0.099124
0 0.692252 0.967283 0.100533 0.0651432
0 0.456835 0.724913 0.0925867 0.0862184
0 0.948613 0.374934 0.102621 0.13885
0 0.878488 0.775685 0.0809242 0.0785418
0 0.274686 0.66443 0.0767427 0.0665184
0 0.754371 0.853348 0.0741333 0.078869
0 0.712198 0.564031 0.105663 0.108151
0 0.164103 0.804176 0.0803898 0.0883157
0 0.699563 0.899557 0.0611451 0.0513996
0 0.570376 0.327909 0.0517298 0.0484278
