0 0.86452 0.149267 0.117446 0.119854
0 0.447131 0.0468149 0.12269 0.0935402
0 0.579458 0.474972 0.120366 0.115762
0 0.611348 0.270287 0.0851691 0.0805779
0 0.5391 0.543552 0.107209 0.102513
0 0.855106 0.578207 0.100387 0.0935255
0 0.166719 0.802257 0.095521 0.110796
0 0.289334 0.143691 0.0988776 0.092953
0 0.588984 0.785434 0.0861309 0.0854452
0 0.0362044 0.573126 0.0723847 0.100556
0 0.939619 0.391687 0.0931852 0.0876529
0 0.412101 0.409142 0.0851218 0.0761493
0 0.345042 0.880597 0.0821556 0.0783163
0 0.231662 0.975949 0.0933379 0.0479115
0 0.877463 0.528949 0.0876911 0.066816
0 0.517313 0.373476 0.058121 0.0494106
0 0.518227 0.951961 0.0878635 0.0901541
0 0.042137 0.412306 0.0834983 0.104422
0 0.515295 0.8131 0.0516745 0.0501398
0 0.0259383 0.681479 0.0514959 0.0991344
0 0.611408 0.00976257 0.112107 0.019447
0 0.858442 0.631473 0.085741 0.0686546
0 0.794435 0.769785 0.0427483 0.0406642
0 0.980569 0.953784 0.0388628 0.049733
