0 0.632962 0.550756 0.116272 0.118903
0 0.476387 0.32985 0.0953007 0.0992008
0 0.287357 0.177431 0.148181 0.134926
0 0.905766 0.239361 0.105511 0.109363
0 0.530581 0.905697 0.101335 0.0931805
0 0.963742 0.257366 0.0725157 0.115795
0 0.361421 0.656002 0.101892 0.102638
0 0.946803 0.149969 0.106395 0.110353
0 0.519431 0.243648 0.0958326 0.0900666
0 0.233531 0.907665 0.0948542 0.0916565
0 0.962992 0.82654 0.0740152 0.147199
0 0.513754 0.852024 0.0929448 0.0831001
0 0.474208 0.727007 0.102671 0.108601
0 0.0467991 0.401129 0.0919087 0.0859344
0 0.865536 0.949346 0.10637 0.101307
0 0.193166 0.0272183 0.0953918 0.0543849
