0 0.530008 0.552748 0.128937 0.127397
0 0.390304 0.0759871 0.0997808 0.103278
0 0.312912 0.0471792 0.109301 0.0939764
0 0.294522 0.481171 0.0900124 0.0955662
0 0.671871 0.541766 0.104931 0.0968793
0 0.363036 0.90083 0.103953 0.097955
0 0.376967 0.268649 0.0963671 0.0853432
0 0.156163 0.124194 0.110755 0.102818
0 0.667087 0.621289 0.0976849 0.0945519
0 0.793106 0.747904 0.0851942 0.0811647
0 0.854941 0.415457 0.0653911 0.0571226
0 0.173719 0.0833168 0.0868079 0.0747645
0 0.231231 0.698794 0.0676178 0.0694624
0 0.050629 0.727534 0.0913149 0.086202
0 0.591322 0.21106 0.0753683 0.0836427
0 0.982861 0.141488 0.0342771 0.0737296
0 0.839172 0.46144 0.0551513 0.0459983
