0 0.374913 0.441603 0.151119 0.136647
0 0.653023 0.893806 0.119181 0.116422
0 0.514016 0.944963 0.122038 0.110074
0 0.337066 0.703419 0.123708 0.0961178
0 0.320863 0.542338 0.120455 0.108415
0 0.677058 0.811394 0.0979714 0.0950091
0 0.267626 0.950385 0.0963286 0.0884136
0 0.955376 0.155153 0.0892488 0.121287
0 0.062287 0.0965725 0.124574 0.133625
0 0.580797 0.527439 0.0714142 0.0682817
0 0.20134 0.979308 0.133739 0.0410719
0 0.371637 0.935602 0.0902565 0.0892422
0 0.368071 0.886477 0.0927561 0.0593914
0 0.0144783 0.286261 0.0287976 0.112621
0 0.0449551 0.327851 0.0893445 0.0847239
0 0.477121 0.0131532 0.104388 0.0262456
