0 0.446858 0.849418 0.120086 0.110605
0 0.0471009 0.0644049 0.0942019 0.126356
0 0.386796 0.91928 0.102779 0.0977291
0 0.944726 0.762891 0.110549 0.135443
0 0.278171 0.294983 0.130633 0.0817739
0 0.146454 0.963748 0.106747 0.0722269
0 0.763798 0.401612 0.115488 0.107775
0 0.914484 0.358975 0.102246 0.0985583
0 0.347096 0.844103 0.0877036 0.0878464
0 0.757048 0.34582 0.115358 0.0868883
0 0.0662267 0.486553 0.126158 0.102152
0 0.0170784 0.581026 0.0340611 0.0980844
0 0.0671493 0.0164355 0.120382 0.0327997
