0 0.448264 0.314632 0.137199 0.135109
0 0.314555 0.795603 0.164051 0.143298
0 0.828861 0.858233 0.165046 0.167484
0 0.710952 0.5889 0.140216 0.133278
0 0.944191 0.893012 0.111582 0.146959
0 0.396579 0.42368 0.138768 0.140028
0 0.635543 0.239674 0.12694 0.129454
0 0.50739 0.942588 0.103917 0.0976794
0 0.250846 0.544224 0.107586 0.0997996
0 0.601546 0.577219 0.127676 0.148308
0 0.175784 0.390107 0.0930958 0.0973936
0 0.442019 0.654936 0.112235 0.10332
0 0.225769 0.025203 0.115617 0.05039
0 0.90032 0.32216 0.0938469 0.091293
0 0.332249 0.0226124 0.130768 0.0452249
0 0.127638 0.965375 0.0743167 0.067426
0 0.947195 0.555896 0.105233 0.11725
0 0.949862 0.639464 0.0720062 0.062496
0 0.46461 0.0872681 0.0666707 0.0641533
0 0.941983 0.53504 0.115703 0.157475
0 0.923331 0.459508 0.117415 0.116644
