0 0.773417 0.433342 0.0522928 0.0505117
0 0.605477 0.273526 0.043241 0.0429281
0 0.125164 0.581102 0.0562203 0.0510098
0 0.645789 0.269883 0.0448936 0.0432231
0 0.607551 0.309214 0.0541604 0.0468186
0 0.268876 0.391489 0.05013 0.0611276
0 0.0747536 0.0469623 0.0588669 0.0567971
0 0.0439705 0.803309 0.0373467 0.0372261
0 0.187557 0.504293 0.0505155 0.0466341
0 0.116654 0.897802 0.0392627 0.0396145
0 0.366126 0.907376 0.0476708 0.0435871
0 0.232384 0.690328 0.0437434 0.0456443
0 0.179548 0.726345 0.0355241 0.0367792
0 0.361687 0.800277 0.0335934 0.0371544
0 0.394582 0.371476 0.0537319 0.0601224
0 0.330249 0.562217 0.0538804 0.0597847
0 0.314687 0.08124 0.0554694 0.0434709
0 0.305294 0.818964 0.0367343 0.0459671
0 0.220275 0.0127432 0.053644 0.0254672
0 0.355674 0.0347036 0.0399418 0.0499924
0 0.0654086 0.760383 0.0317618 0.036064
0 0.0978449 0.157483 0.0569063 0.0435251
0 0.09595 0.147792 0.060023 0.0616096
0 0.0098935 0.768276 0.0196241 0.0452309
0 0.636412 0.207531 0.0397533 0.0468744
