0 0.429927 0.533896 0.110529 0.107313
0 0.802923 0.683746 0.115148 0.120569
0 0.213624 0.170706 0.11816 0.0986599
0 0.515382 0.149731 0.130861 0.101372
0 0.729645 0.703014 0.0968601 0.103765
0 0.493447 0.250511 0.0994188 0.0954172
0 0.887913 0.211868 0.0946136 0.0973707
0 0.208597 0.0715098 0.107529 0.0969264
0 0.44927 0.596898 0.107256 0.0772682
0 0.863658 0.0371428 0.121747 0.0740932
0 0.89479 0.459076 0.0742947 0.0790586
0 0.809938 0.403362 0.0819725 0.0945346
0 0.591938 0.025159 0.140087 0.0501738
0 0.729219 0.613554 0.0870171 0.0945529
