0 0.143927 0.567071 0.15211 0.138497
0 0.14641 0.669951 0.139566 0.122143
0 0.387986 0.298744 0.120351 0.114023
0 0.331833 0.18915 0.109044 0.101967
0 0.565198 0.371811 0.100159 0.0973489
0 0.102292 0.777633 0.0911775 0.0894981
0 0.181098 0.872054 0.110291 0.105814
0 0.599401 0.454686 0.116416 0.116424
0 0.614661 0.0441497 0.106527 0.0880805
0 0.64255 0.137865 0.0980161 0.0973953
0 0.803499 0.36034 0.0941507 0.088383
0 0.515703 0.401929 0.0890632 0.0851094
0 0.0306129 0.772783 0.0612258 0.118852
0 0.404815 0.749722 0.0585239 0.0568255
0 0.841778 0.0918465 0.0929534 0.0955149
0 0.447405 0.243465 0.0866386 0.092869
0 0.570081 0.196037 0.0684225 0.0716837
0 0.0334564 0.134829 0.066352 0.0811445
0 0.286681 0.956165 0.0629524 0.0635786
0 0.264121 0.766133 0.0410242 0.0497278
0 0.331998 0.976542 0.0678459 0.0469124
0 0.500873 0.7102 0.0466707 0.0479712
0 0.0880543 0.468588 0.0605593 0.0601604
0 0.773624 0.985105 0.109367 0.0295116
0 0.786643 0.510401 0.0844706 0.0772985
0 0.754832 0.529306 0.0471312 0.0455155
0 0.273439 0.854297 0.0812225 0.0866785
