0 0.867276 0.28459 0.101174 0.0973787
0 0.757911 0.286337 0.11619 0.104105
0 0.787115 0.376635 0.127427 0.113374
0 0.832037 0.521767 0.0883884 0.099024
0 0.339098 0.0777831 0.0849607 0.0790521
0 0.149448 0.561703 0.0936369 0.0932312
0 0.26812 0.286231 0.0856994 0.0784365
0 0.261302 0.21596 0.0905646 0.0874746
0 0.340792 0.265714 0.0754618 0.0749568
0 0.22047 0.956587 0.0962127 0.0864515
0 0.307701 0.956738 0.0909829 0.086524
0 0.777009 0.77619 0.0858532 0.0773559
0 0.640862 0.835733 0.0756573 0.075676
0 0.398841 0.242269 0.090652 0.0822606
0 0.964244 0.360611 0.0711769 0.10491
0 0.149805 0.832558 0.0730167 0.0665022
0 0.369614 0.615919 0.0738202 0.0729017
0 0.760348 0.441289 0.0854544 0.073791
0 0.0412988 0.476678 0.0480818 0.0465505
0 0.317534 0.52776 0.0785327 0.0690921
0 0.59333 0.254773 0.0519921 0.0505425
0 0.639669 0.156578 0.0796655 0.0667489
0 0.490162 0.716396 0.0835911 0.084814
0 0.538795 0.67788 0.0694504 0.0613249
0 0.0688429 0.779721 0.0574346 0.0577297
0 0.0732404 0.194799 0.0460905 0.0512838
0 0.685646 0.98835 0.121073 0.0233005
0 0.138674 0.247771 0.0356013 0.0354187
0 0.96982 0.643495 0.0601677 0.0648537
0 0.138404 0.781308 0.0631646 0.0698919
0 0.164849 0.221542 0.0323666 0.0339085
0 0.115606 0.0280005 0.0684956 0.055738
0 0.141677 0.217366 0.0340382 0.0406961
0 0.0144328 0.771598 0.0288388 0.0438567
