0 0.682674 0.0615639 0.123057 0.121404
0 0.611497 0.799236 0.127099 0.132624
0 0.228747 0.115335 0.164235 0.153898
0 0.152496 0.948672 0.143215 0.102657
0 0.806539 0.299288 0.113206 0.113402
0 0.867454 0.354907 0.114995 0.109998
0 0.266895 0.950356 0.0982641 0.0976599
0 0.750482 0.812662 0.136707 0.123497
0 0.89128 0.582362 0.0885746 0.0926988
0 0.83368 0.689984 0.147297 0.132996
0 0.266703 0.796512 0.105063 0.0948436
0 0.391453 0.194069 0.110502 0.0948217
0 0.678213 0.712012 0.117798 0.123017
0 0.934325 0.270252 0.113802 0.108416
0 0.470522 0.0254178 0.117289 0.0508356
0 0.882875 0.23014 0.0926033 0.0840189
0 0.755814 0.039212 0.0856295 0.0783158
