0 0.746148 0.82115 0.128516 0.136065
0 0.185186 0.355868 0.124518 0.117606
0 0.42406 0.960744 0.124685 0.0778506
0 0.634995 0.241852 0.126703 0.120817
0 0.41927 0.624529 0.105321 0.103202
0 0.194064 0.823949 0.113962 0.116167
0 0.0509817 0.40137 0.101963 0.104973
0 0.244115 0.902744 0.102217 0.0941604
0 0.324871 0.0475622 0.120579 0.0951113
0 0.250383 0.290792 0.0920812 0.0890307
0 0.510273 0.305033 0.0985662 0.0932029
0 0.453571 0.888266 0.0969371 0.0936876
0 0.473622 0.780775 0.0693943 0.0636997
0 0.979823 0.707801 0.040353 0.105852
0 0.660611 0.16411 0.117861 0.0944922
0 0.300494 0.644111 0.0860391 0.0814232
0 0.354781 0.269353 0.0954232 0.0934835
0 0.367785 0.490242 0.102864 0.0927662
0 0.885861 0.976496 0.132502 0.0467563
0 0.144935 0.894636 0.0727671 0.0661213
0 0.116136 0.832369 0.0690041 0.05812
0 0.417451 0.807229 0.0781277 0.071171
0 0.289276 0.694951 0.070246 0.0639803
0 0.103608 0.611432 0.0769088 0.0725021
0 0.15253 0.513967 0.0817904 0.0708348
0 0.485084 0.827907 0.0651594 0.0584913
0 0.409093 0.910861 0.075178 0.0814421
0 0.0140665 0.441432 0.0281331 0.11276
