0 0.289363 0.0657269 0.148505 0.131208
0 0.547912 0.199986 0.124381 0.119026
0 0.597124 0.105158 0.106632 0.115083
0 0.433781 0.75071 0.107719 0.103922
0 0.252617 0.654064 0.116333 0.0949332
0 0.497563 0.111421 0.11385 0.125059
0 0.392896 0.0400795 0.158321 0.0801591
0 0.0808296 0.503294 0.113902 0.122121
0 0.308788 0.719827 0.097847 0.0992819
0 0.0552951 0.75549 0.105554 0.116658
0 0.249504 0.762416 0.132812 0.123479
0 0.123619 0.358654 0.112747 0.10962
0 0.120864 0.530831 0.102223 0.115862
0 0.52228 0.986921 0.102609 0.0258923
