0 0.17706 0.119473 0.113709 0.113293
0 0.723791 0.303347 0.142721 0.136574
0 0.263759 0.0972227 0.120602 0.115201
0 0.698976 0.0503613 0.104749 0.100284
0 0.377622 0.297254 0.12772 0.117995
0 0.291077 0.17424 0.115758 0.105839
0 0.500916 0.393083 0.0903799 0.080913
0 0.419792 0.861109 0.137699 0.126494
0 0.0946623 0.714261 0.141162 0.142974
0 0.458295 0.235682 0.108358 0.108399
0 0.967638 0.573404 0.0647243 0.112456
0 0.100422 0.520656 0.0958561 0.085742
0 0.0289463 0.839599 0.0578925 0.14276
0 0.346054 0.878155 0.098405 0.119429
0 0.388868 0.2385 0.073178 0.0584519
0 0.0295053 0.767245 0.0587542 0.0942728
0 0.551462 0.509699 0.0793565 0.0722471
