0 0.458182 0.144664 0.120988 0.119298
0 0.0633375 0.466175 0.126675 0.160559
0 0.174975 0.451908 0.120776 0.144555
0 0.545076 0.092093 0.129153 0.113125
0 0.38528 0.0455657 0.101338 0.0907713
0 0.284501 0.936047 0.130099 0.118019
0 0.578011 0.135222 0.104651 0.0924118
0 0.0725263 0.364185 0.109196 0.0896431
0 0.323974 0.0583219 0.0913395 0.094122
0 0.484047 0.0419733 0.089625 0.0824987
0 0.246954 0.902065 0.111389 0.100014
0 0.180924 0.0222991 0.0924411 0.0445982
0 0.218626 0.242103 0.0769771 0.0758266
