0 0.948202 0.581782 0.103557 0.146336
0 0.251745 0.621093 0.111932 0.0984448
0 0.937998 0.273229 0.117627 0.116192
0 0.940718 0.480349 0.11278 0.107768
0 0.959503 0.159448 0.0766005 0.0760337
0 0.872722 0.366123 0.0979368 0.102365
0 0.190657 0.54226 0.101457 0.0954087
0 0.808604 0.909814 0.0633066 0.0616031
0 0.743938 0.332545 0.120319 0.114627
0 0.489896 0.841897 0.123464 0.108418
0 0.88271 0.164785 0.0853096 0.0800927
0 0.190441 0.9666 0.0820162 0.0665604
0 0.731083 0.624944 0.0615513 0.0605561
0 0.298012 0.95077 0.0869409 0.0863895
0 0.957841 0.92687 0.0836495 0.0923069
0 0.70573 0.556607 0.0660805 0.0644256
0 0.98878 0.0900299 0.0224397 0.0466211
0 0.794357 0.369993 0.0918007 0.0810665
0 0.789815 0.353832 0.100014 0.111234
