0 0.723355 0.669542 0.114211 0.114282
0 0.809493 0.434248 0.103944 0.096312
0 0.506385 0.530479 0.124347 0.102764
0 0.162446 0.288228 0.0832493 0.0827789
0 0.772826 0.813302 0.10931 0.11549
0 0.958284 0.458041 0.0833149 0.11673
0 0.735988 0.428717 0.101503 0.116187
0 0.701505 0.0375699 0.0896563 0.0742717
0 0.303919 0.733358 0.106988 0.114713
0 0.768224 0.30849 0.113648 0.0965294
0 0.355 0.718235 0.0723969 0.0910006
0 0.417194 0.964635 0.0777284 0.0707302
0 0.908999 0.681633 0.0914674 0.103123
0 0.332761 0.925817 0.0805024 0.0919943
0 0.30951 0.0263613 0.0860579 0.0525238
0 0.648703 0.0101902 0.108639 0.0203085
