0 0.52843 0.639514 0.149545 0.144038
0 0.817571 0.867324 0.158375 0.141167
0 0.144766 0.174548 0.120116 0.107228
0 0.392856 0.323005 0.10369 0.0996793
0 0.0535134 0.946829 0.106571 0.106026
0 0.504667 0.110085 0.130303 0.116724
0 0.906362 0.881912 0.109635 0.119173
0 0.162776 0.0993796 0.107073 0.0964021
0 0.743831 0.927077 0.110564 0.0979813
0 0.299469 0.829386 0.0980374 0.0997978
0 0.389092 0.147606 0.0966418 0.0919299
0 0.378046 0.772993 0.104319 0.110616
0 0.337309 0.910159 0.0967905 0.0937355
0 0.295441 0.019195 0.119019 0.0382734
0 0.837928 0.758565 0.189883 0.128044
0 0.581593 0.200218 0.100135 0.0938723
0 0.710107 0.984129 0.110308 0.0317413
