0 0.22135 0.222209 0.134076 0.125809
0 0.212911 0.106166 0.146008 0.126271
0 0.3777 0.249291 0.117695 0.118742
0 0.252187 0.809667 0.117736 0.106431
0 0.117207 0.354491 0.121585 0.117778
0 0.494707 0.377891 0.124088 0.0954575
0 0.535833 0.284628 0.137262 0.130597
0 0.323623 0.279152 0.10969 0.110807
0 0.213496 0.912208 0.104754 0.106998
0 0.165705 0.839739 0.103642 0.0944446
0 0.593012 0.202333 0.107521 0.103199
0 0.925799 0.950713 0.124056 0.0985735
0 0.769755 0.365103 0.087356 0.0985751
0 0.215846 0.956996 0.0954802 0.0645004
0 0.553964 0.020503 0.142816 0.0409349
0 0.706363 0.0193207 0.0978589 0.0385355
