0 0.380562 0.173529 0.11987 0.114887
0 0.654911 0.182225 0.139197 0.114071
0 0.692988 0.282389 0.113522 0.114506
0 0.039971 0.0717148 0.0799419 0.119848
0 0.763194 0.0579011 0.0997839 0.0981054
0 0.372851 0.105211 0.115779 0.102493
0 0.370814 0.482557 0.0972854 0.0985077
0 0.463571 0.0952974 0.120033 0.123394
0 0.928706 0.0439157 0.0850853 0.0826207
0 0.113486 0.635911 0.0716686 0.0666451
0 0.961319 0.182824 0.0773627 0.114409
0 0.0238912 0.616255 0.0477823 0.121945
0 0.849052 0.0388107 0.0833813 0.0774166
0 0.514923 0.178654 0.068523 0.0678968
0 0.765167 0.216188 0.0888241 0.0923091
0 0.758832 0.976854 0.111689 0.0461335
0 0.139077 0.608535 0.0638483 0.0656301
0 0.881768 0.965903 0.0907282 0.0640793
0 0.8604 0.989637 0.112727 0.0203228
0 0.961062 0.0257787 0.0747782 0.0512407
