0 0.711017 0.679065 0.120202 0.1171
0 0.214101 0.886601 0.142277 0.150553
0 0.0863875 0.872946 0.146636 0.153425
0 0.468467 0.766513 0.11103 0.0944262
0 0.461651 0.510458 0.0505926 0.051958
0 0.0258204 0.447617 0.0516408 0.105633
0 0.526946 0.878543 0.0915605 0.110405
0 0.615979 0.753892 0.087142 0.074582
0 0.56318 0.782788 0.0755658 0.0808169
0 0.887441 0.82032 0.112182 0.103526
0 0.0603597 0.511411 0.104688 0.0955656
0 0.388262 0.912475 0.0901079 0.0930386
0 0.0340269 0.832765 0.0673878 0.140165
