0 0.0851796 0.483198 0.107042 0.0967217
0 0.866155 0.377316 0.141462 0.129094
0 0.778113 0.447183 0.148601 0.132022
0 0.928586 0.641688 0.136018 0.116381
0 0.922684 0.938181 0.146757 0.123638
0 0.78865 0.701649 0.106181 0.107032
0 0.206077 0.675168 0.0891865 0.0849422
0 0.468367 0.840083 0.108447 0.0948731
0 0.36697 0.414265 0.0914971 0.0879202
0 0.667029 0.615535 0.0977578 0.0828868
0 0.313784 0.415533 0.0886238 0.0953768
0 0.107603 0.112991 0.111288 0.11026
0 0.13545 0.387419 0.094255 0.0937338
0 0.951474 0.282284 0.0970109 0.112894
0 0.666702 0.979766 0.0955514 0.0404676
0 0.714343 0.989383 0.136451 0.0211302
