0 0.357445 0.573886 0.116692 0.119937
0 0.670626 0.958408 0.129364 0.0830359
0 0.629895 0.673512 0.11079 0.122244
0 0.282304 0.821027 0.126074 0.11889
0 0.512457 0.660576 0.114468 0.140099
0 0.205431 0.34993 0.108533 0.109745
0 0.272563 0.0367335 0.153124 0.073467
0 0.503761 0.84581 0.0815483 0.0847958
0 0.397532 0.826523 0.121143 0.104678
0 0.971244 0.927168 0.0575115 0.0878275
0 0.621037 0.163851 0.0662928 0.0734432
0 0.500272 0.966465 0.099068 0.0670691
0 0.0331678 0.671706 0.0663355 0.120584
0 0.893302 0.98254 0.114473 0.0346726
