0 0.351605 0.370578 0.152528 0.13172
0 0.790945 0.188799 0.106903 0.102553
0 0.1093 0.128867 0.139172 0.137631
0 0.86014 0.154662 0.0971607 0.0986216
0 0.858098 0.245339 0.111525 0.101366
0 0.428476 0.951825 0.116627 0.0963495
0 0.594376 0.0610247 0.110586 0.114857
0 0.73278 0.208934 0.113184 0.10455
0 0.702191 0.0898834 0.100792 0.0963475
0 0.9462 0.297994 0.0840805 0.0966701
0 0.343523 0.458653 0.0878245 0.092925
0 0.69577 0.164553 0.0617786 0.0696824
0 0.735875 0.0216625 0.0985392 0.0432732
0 0.584366 0.978547 0.10802 0.0426342
